%YAML:1.0
---
nb_camera: 4
camera_0:
   camera_matrix: !!opencv-matrix
      rows: 3
      cols: 3
      dt: d
      data: [ 1.6348238385142577e+03, 0., 9.1237363167375111e+02, 0.,
          2.1794202502496246e+03, 6.8687860596420876e+02, 0., 0., 1. ]
   distortion_vector: !!opencv-matrix
      rows: 1
      cols: 5
      dt: d
      data: [ 2.3479338824261998e-03, 3.0563940100028698e-02,
          -1.3022019051187983e-04, 3.5086309761081947e-04,
          -9.2838295201766952e-01 ]
   distortion_type: 0
   camera_group: 0
   img_width: 1824
   img_height: 1376
   camera_pose_matrix: !!opencv-matrix
      rows: 4
      cols: 4
      dt: d
      data: [ 1., 0., 0., 0., 0., 1., 0., 0., 0., 0., 1., 0., 0., 0., 0.,
          1. ]
camera_1:
   camera_matrix: !!opencv-matrix
      rows: 3
      cols: 3
      dt: d
      data: [ 1.6350221109537840e+03, 0., 9.1197961440803385e+02, 0.,
          2.1796153115837656e+03, 6.8907965623050188e+02, 0., 0., 1. ]
   distortion_vector: !!opencv-matrix
      rows: 1
      cols: 5
      dt: d
      data: [ -1.0129476437661648e-02, 4.3282155485072582e-01,
          2.6519640384384057e-04, 1.3931677856816659e-04,
          -4.5730677950909415e+00 ]
   distortion_type: 0
   camera_group: 0
   img_width: 1824
   img_height: 1376
   camera_pose_matrix: !!opencv-matrix
      rows: 4
      cols: 4
      dt: d
      data: [ -9.9999995750715365e-01, 6.0581432759636381e-06,
          2.9146010005396647e-04, -3.4581662910734686e-03,
          6.1781236393107570e-06, 9.9999991525154763e-01,
          4.1165365076423492e-04, 1.8290978406479447e-03,
          -2.9145758149637770e-04, 4.1165543394843364e-04,
          -9.9999987279613300e-01, 5.9998768802417475e+00, 0., 0., 0.,
          1. ]
camera_2:
   camera_matrix: !!opencv-matrix
      rows: 3
      cols: 3
      dt: d
      data: [ 1.6348512312642292e+03, 0., 9.1148794001242663e+02, 0.,
          2.1798119863743327e+03, 6.8781800908774301e+02, 0., 0., 1. ]
   distortion_vector: !!opencv-matrix
      rows: 1
      cols: 5
      dt: d
      data: [ -1.5994157573406523e-03, 3.4196894926619210e-02,
          -6.8493423537436081e-07, -3.3160848124556019e-05,
          -1.6923076908800394e-01 ]
   distortion_type: 0
   camera_group: 0
   img_width: 1824
   img_height: 1376
   camera_pose_matrix: !!opencv-matrix
      rows: 4
      cols: 4
      dt: d
      data: [ -6.8155625690715553e-04, 1.5179368994116472e-04,
          -9.9999975621984238e-01, 2.9983543622044966e+00,
          3.1313621573711528e-04, 9.9999993948456001e-01,
          1.5158029776047186e-04, 8.4660283394146830e-04,
          9.9999971871334992e-01, -3.1303282890035681e-04,
          -6.8160374776411975e-04, 3.0019446905848111e+00, 0., 0., 0.,
          1. ]
camera_3:
   camera_matrix: !!opencv-matrix
      rows: 3
      cols: 3
      dt: d
      data: [ 1.6346400516115473e+03, 0., 9.1125436599303112e+02, 0.,
          2.1794857300548479e+03, 6.8761234897402903e+02, 0., 0., 1. ]
   distortion_vector: !!opencv-matrix
      rows: 1
      cols: 5
      dt: d
      data: [ -7.6962207277458722e-04, 1.1173924822430507e-02,
          1.3795070488017877e-05, -9.1728850504252068e-05,
          -1.1492114436671596e-02 ]
   distortion_type: 0
   camera_group: 0
   img_width: 1824
   img_height: 1376
   camera_pose_matrix: !!opencv-matrix
      rows: 4
      cols: 4
      dt: d
      data: [ 8.2633854172453180e-04, 1.2779465298020029e-05,
          9.9999965850059158e-01, -3.0013202054766199e+00,
          -3.2619713550422944e-04, 9.9999994671946402e-01,
          -1.2509919623986117e-05, 1.0547966382144787e-03,
          -9.9999960537994392e-01, -3.2618668667936133e-04,
          8.2634266632174483e-04, 2.9979260321395786e+00, 0., 0., 0., 1. ]
