%YAML:1.0
---
object_0:
   points: !!opencv-matrix
      rows: 3
      cols: 96
      dt: f
      data: [ 0., 1.92000002e-01, 3.84000003e-01, 5.75999975e-01, 0.,
          1.92000002e-01, 3.84000003e-01, 5.75999975e-01, 0.,
          1.92000002e-01, 3.84000003e-01, 5.75999975e-01, 0.,
          1.92000002e-01, 3.84000003e-01, 5.75999975e-01,
          -2.11503118e-01, -2.11829185e-01, -2.12155238e-01,
          -2.12481305e-01, -2.11512148e-01, -2.11838216e-01,
          -2.12164283e-01, -2.12490335e-01, -2.11521178e-01,
          -2.11847246e-01, -2.12173313e-01, -2.12499365e-01,
          -2.11530209e-01, -2.11856276e-01, -2.12182343e-01,
          -2.12508395e-01, 5.78522682e-01, 5.76838851e-01,
          5.75154960e-01, 5.73471129e-01, 3.86530071e-01, 3.84846210e-01,
          3.83162349e-01, 3.81478488e-01, 1.94537476e-01, 1.92853600e-01,
          1.91169739e-01, 1.89485878e-01, 2.54488341e-03, 8.61021050e-04,
          -8.22841364e-04, -2.50670337e-03, 2.82960282e-05,
          2.27417586e-05, 1.71874872e-05, 1.16332185e-05, 1.92028299e-01,
          1.92022741e-01, 1.92017183e-01, 1.92011639e-01, 3.84028286e-01,
          3.84022743e-01, 3.84017199e-01, 3.84011626e-01, 5.76028287e-01,
          5.76022744e-01, 5.76017141e-01, 5.76011598e-01, 2.54917777e-05,
          1.92025498e-01, 3.84025484e-01, 5.76025486e-01, 2.52140107e-05,
          1.92025214e-01, 3.84025216e-01, 5.76025188e-01, 2.49362420e-05,
          1.92024931e-01, 3.84024948e-01, 5.76024890e-01, 2.46584750e-05,
          1.92024663e-01, 3.84024650e-01, 5.76024652e-01, 7.88054407e-01,
          7.88042545e-01, 7.88030684e-01, 7.88018823e-01, 7.88051426e-01,
          7.88039565e-01, 7.88027704e-01, 7.88015842e-01, 7.88048446e-01,
          7.88036585e-01, 7.88024724e-01, 7.88012862e-01, 7.88045466e-01,
          7.88033605e-01, 7.88021743e-01, 7.88009882e-01, 0., 0., 0., 0.,
          1.92000002e-01, 1.92000002e-01, 1.92000002e-01, 1.92000002e-01,
          3.84000003e-01, 3.84000003e-01, 3.84000003e-01, 3.84000003e-01,
          5.75999975e-01, 5.75999975e-01, 5.75999975e-01, 5.75999975e-01,
          5.76004863e-01, 5.76002836e-01, 5.76000810e-01, 5.75998783e-01,
          3.84004861e-01, 3.84002835e-01, 3.84000808e-01, 3.83998781e-01,
          1.92004845e-01, 1.92002818e-01, 1.92000791e-01, 1.91998765e-01,
          4.87488069e-06, 2.84809835e-06, 8.21316007e-07,
          -1.20546599e-06, -2.07506046e-01, -2.10522249e-01,
          -2.13538453e-01, -2.16554657e-01, -2.07510054e-01,
          -2.10526258e-01, -2.13542461e-01, -2.16558665e-01,
          -2.07514063e-01, -2.10530266e-01, -2.13546470e-01,
          -2.16562673e-01, -2.07518086e-01, -2.10534289e-01,
          -2.13550493e-01, -2.16566682e-01, 7.88059711e-01,
          7.88054287e-01, 7.88048863e-01, 7.88043380e-01, 7.88057208e-01,
          7.88051784e-01, 7.88046300e-01, 7.88040876e-01, 7.88054705e-01,
          7.88049221e-01, 7.88043797e-01, 7.88038373e-01, 7.88052142e-01,
          7.88046718e-01, 7.88041294e-01, 7.88035870e-01, 5.76005459e-01,
          5.76005161e-01, 5.76004863e-01, 5.76004624e-01, 3.84005427e-01,
          3.84005159e-01, 3.84004891e-01, 3.84004593e-01, 1.92005441e-01,
          1.92005157e-01, 1.92004874e-01, 1.92004606e-01, 5.46515503e-06,
          5.18738352e-06, 4.90961156e-06, 4.63183960e-06, 5.75996280e-01,
          5.75997055e-01, 5.75997889e-01, 5.75998664e-01, 3.83996248e-01,
          3.83997083e-01, 3.83997887e-01, 3.83998692e-01, 1.91996261e-01,
          1.91997066e-01, 1.91997871e-01, 1.91998690e-01,
          -3.71609394e-06, -2.90494836e-06, -2.09380300e-06,
          -1.28265765e-06, 0., 0., 0., 0., 0., 0., 0., 0., 0., 0., 0.,
          0., 0., 0., 0., 0., -2.12019384e-01, -4.04019117e-01,
          -5.96018851e-01, -7.88018525e-01, -2.12017342e-01,
          -4.04017061e-01, -5.96016824e-01, -7.88016498e-01,
          -2.12015301e-01, -4.04015034e-01, -5.96014738e-01,
          -7.88014472e-01, -2.12013260e-01, -4.04012978e-01,
          -5.96012712e-01, -7.88012385e-01, -7.85440445e-01,
          -5.93471527e-01, -4.01502609e-01, -2.09533721e-01,
          -7.87124574e-01, -5.95155656e-01, -4.03186738e-01,
          -2.11217850e-01, -7.88808703e-01, -5.96839786e-01,
          -4.04870868e-01, -2.12901980e-01, -7.90492833e-01,
          -5.98523915e-01, -4.06555027e-01, -2.14586124e-01,
          -7.88022935e-01, -5.96022964e-01, -4.04022932e-01,
          -2.12022960e-01, -7.88017392e-01, -5.96017361e-01,
          -4.04017389e-01, -2.12017402e-01, -7.88011849e-01,
          -5.96011817e-01, -4.04011816e-01, -2.12011859e-01,
          -7.88006246e-01, -5.96006274e-01, -4.04006273e-01,
          -2.12006301e-01, -1.00002050e+00, -1.00001836e+00,
          -1.00001633e+00, -1.00001419e+00, -1.00002086e+00,
          -1.00001872e+00, -1.00001669e+00, -1.00001454e+00,
          -1.00002122e+00, -1.00001919e+00, -1.00001705e+00,
          -1.00001490e+00, -1.00002158e+00, -1.00001955e+00,
          -1.00001740e+00, -1.00001538e+00, -7.87994444e-01,
          -5.95994413e-01, -4.03994441e-01, -2.11994454e-01,
          -7.87993610e-01, -5.95993638e-01, -4.03993607e-01,
          -2.11993650e-01, -7.87992835e-01, -5.95992804e-01,
          -4.03992802e-01, -2.11992830e-01, -7.87992001e-01,
          -5.95992029e-01, -4.03991997e-01, -2.11992025e-01 ]
