%YAML:1.0
---
object_0:
   poses: !!opencv-matrix
      rows: 6
      cols: 396
      dt: d
      data: [ 1.2234522757369191e+00, 1.7253199684636447e+00,
          -2.9302498566924453e+00, -1.0027583626387016e+00,
          -1.0450114226616947e+00, 2.2465469413572481e+00,
          2.4117866272477095e+00, -1.4656586694591140e+00,
          -1.5105174151588103e+00, 1.0847994399865977e+00,
          -2.7769437047177617e-02, 6.9769884112117309e-01,
          -2.4853630833491351e+00, 1.9922878765414556e+00,
          -2.0758985467494004e+00, 2.3608189443172130e+00,
          1.2004047568760384e-01, 1.7953680494343858e+00,
          -2.0428742512774720e+00, 1.7425986798331055e+00,
          -2.4972630787757915e+00, -7.8975641086894299e-01,
          2.3310316810263263e+00, -2.7006935588075645e+00,
          -3.0432617619749194e+00, -2.5658215739137251e+00,
          -2.2699582952064117e+00, -2.5059075690376984e+00,
          -2.4880393904626543e+00, -1.3734641736540432e+00,
          -7.7130098538021863e-01, -1.7029847372586151e+00,
          7.7168895059523146e-01, -1.9864374487669176e+00,
          4.4361632261835920e-01, -1.2302397218001315e+00,
          -3.5186276555364632e-01, -1.5646513382728024e+00,
          2.1101806202344280e+00, -2.6266052998151705e+00,
          -2.2374926262375721e+00, 2.0548883784993039e+00,
          1.0036951678461348e+00, -8.7705033547878863e-01,
          6.5620999157504556e-01, -2.1038057334773401e+00,
          -1.5407138850151116e+00, -9.9866889071680387e-01,
          -2.2532776678169070e-01, -2.3271662264498922e+00,
          -1.9487171747675383e+00, -2.0250091448794261e-01,
          2.6201989271716912e+00, -2.2688773400629274e+00,
          -2.3235066377246083e+00, -1.9937698444607688e+00,
          1.6486652851916692e+00, -1.8934024986069065e+00,
          2.0575199261680668e+00, -1.1780266799181700e+00,
          -1.9218191814196144e+00, 5.6906878351996981e-01,
          -3.6359479684236112e-01, 1.5803919822384949e+00,
          -2.6170042190963128e+00, -1.2125898717929013e+00,
          -1.3643598348360639e+00, -1.0781267656668752e+00,
          -1.1057686947802201e+00, -1.7931466811229413e+00,
          -2.0495517648769290e+00, -1.8713604912114427e-03,
          2.8703730216108649e+00, -2.0640086186487858e+00,
          1.7169636248061249e+00, 1.6337355814566903e+00,
          -1.5817315477664899e+00, 1.9609510063154421e+00,
          1.6911993545695987e+00, -1.6344371987626735e-01,
          1.6624132464609920e-01, -9.6315694096088067e-01,
          -1.3198598507944415e+00, -2.5486022295112365e+00,
          -2.2527893289490186e-01, 1.6960887927469415e-01,
          -1.4176857153652438e+00, 2.4404145121384677e+00,
          2.0605802894406269e+00, 6.9117540007660627e-01,
          -3.4267482200411192e-01, -2.0705815351574661e+00,
          -1.3232568330914793e+00, -1.9213151212406281e+00,
          -2.3085788621144279e-01, -1.0832658265997190e+00,
          2.8590504019986418e+00, 1.1763533052804906e+00,
          -1.3740462370843949e+00, -2.1737772475767487e+00,
          -2.5007950751758727e+00, 1.1187646208225150e+00,
          2.1093393425860323e+00, 2.0426653859300754e+00,
          -2.5683099441426888e-01, -1.3425555720235149e+00,
          8.2145628249933411e-01, 1.2313462086083842e+00,
          -1.7741750548588160e+00, 2.1044813877939070e+00,
          -1.7280123522855400e+00, 2.3697480882919830e-01,
          -1.2974173836460152e+00, 1.9857262583539301e+00,
          -1.1033865121299848e-01, -3.1237665267398915e+00,
          -1.8113069528321257e+00, 3.4685495148433998e-01,
          -1.3588401711630285e+00, 5.5420373111004151e-01,
          2.2268197399602156e+00, -1.2397474448175796e+00,
          3.5618777287790178e-02, 4.5401951092204781e-02,
          1.4100513719837633e+00, 4.1510159269181929e-01,
          1.0804843200940792e+00, 1.5218776277297302e-01,
          1.4447001731686917e+00, 2.6951763141778864e+00,
          2.0951876559860572e+00, -2.4433327751608438e+00,
          5.1059265684337574e-01, -2.8945171906897604e+00,
          1.4708444593052419e+00, 1.6102494024519116e+00,
          1.5519700526438416e+00, -1.7873319974982038e+00,
          1.1171668634485621e+00, 3.7035092591954991e-02,
          -2.3301402722044480e+00, -2.0594825891029984e+00,
          1.7374097095046919e+00, -2.4973472507835979e+00,
          1.1336088649287686e+00, 1.1786847853482763e+00,
          1.4149857216747166e+00, 2.4110387300073941e+00,
          1.4529518027302560e-01, 1.1084909433695029e+00,
          2.0494971896409391e+00, -1.0148755838761891e+00,
          1.2066914440018968e+00, 1.3662715185627012e+00,
          1.4709476520901783e-02, -2.2031900169044003e+00,
          2.1861829657585904e-01, -9.8961017002789986e-01,
          1.6769151458759777e+00, 1.2223520527109273e+00,
          -2.1651541425045244e+00, 2.6000123460046849e+00,
          -1.2091966697009893e+00, 1.2172620313967195e+00,
          1.7824901186862576e+00, 1.2178328115214061e+00,
          1.4304899859066211e+00, 1.5516504379503393e+00,
          1.0715437719372281e+00, 6.8140464640051046e-01,
          -2.6898805711647555e+00, -9.8353679258555349e-01,
          5.3102855789001757e-01, -2.2253668475279205e+00,
          -8.9954979315855088e-01, 7.9484973904576128e-01,
          -9.7477638786453791e-01, -7.0222008153085635e-01,
          1.8988910930428990e+00, -1.8912881745992254e+00,
          2.4687346526863747e+00, 1.5312561330839833e+00,
          3.8899351609764959e-01, 2.0480341067604857e+00,
          -3.0790938216314605e+00, 1.5809562371949024e+00,
          -1.1498299831981116e+00, -7.7066518294538966e-01,
          -2.9681660646725696e+00, 2.0829944909549032e+00,
          9.9860968153416196e-01, 1.6855646093118879e+00,
          1.3236543722727749e+00, 1.9177545509956069e+00,
          2.7706089882008968e+00, -5.6958235923770983e-01,
          -1.7393718504773612e+00, 2.6870651294348553e+00,
          -7.3098531525305277e-01, -5.5851092540897662e-01,
          -1.2798931757118119e+00, 2.3912281890409730e+00,
          7.7922166539610882e-01, 1.5072685844419957e+00,
          2.8078545794902712e+00, -5.2599190955594721e-01,
          -2.3359066517786666e+00, -5.6107090247777580e-01,
          1.5718784109463422e+00, -8.2362792248217043e-01,
          -2.0099885982522205e+00, 2.5959778561254812e+00,
          -3.0844649499613261e+00, 1.8391905739369341e+00,
          -2.2982355885734509e+00, -1.3738287412357960e-02,
          -1.7972321468499648e+00, 3.0338052071069349e-01,
          -2.2531962693728054e+00, 2.2764367867957005e+00,
          8.2272208845968464e-01, -2.0009963661951260e+00,
          -2.2013805295856717e+00, -2.9090912974190846e+00,
          -2.0025127927532913e+00, -2.6592020376210073e+00,
          -1.9511521977040884e+00, 2.4754331211282983e+00,
          2.5303714849168468e+00, 2.9795131187727325e-01,
          -2.3904239024316802e+00, -1.1461635437153674e+00,
          -2.4040794098858504e+00, 1.9806910135190714e-01,
          1.4970858266252467e+00, -2.6863891303264329e+00,
          2.4012102155709192e-01, -2.7411887071302621e+00,
          -1.6544409587968330e+00, -1.9715669615940051e-01,
          -8.2497827455420258e-01, 6.9046325697212474e-01,
          -2.3328922405490169e+00, -2.5024374971710106e+00,
          -2.2880032787409559e+00, 3.4422723374881758e-01,
          1.9557890342171962e+00, -1.8414644432240133e+00,
          -2.3979548071749015e+00, 1.4132143701446511e+00,
          2.6664438797562515e+00, -2.6433399345903519e+00,
          -2.7896681873173717e+00, -1.5019306210639911e+00,
          -2.9438453578254431e+00, -1.2910211657013368e+00,
          2.3511134787302432e+00, 2.3473695525848233e+00,
          -5.4910232932548952e-01, -1.2282122477884185e+00,
          1.6582114482600769e+00, 2.3373997317032100e+00,
          -2.8079530568489290e+00, 4.5694556052808416e-01,
          -2.2721580288285326e+00, 2.1286685323624277e+00,
