%YAML:1.0
---
object_0:
   points: !!opencv-matrix
      rows: 5
      cols: 64
      dt: f
      data: [ 0., 3.70000005e-02, 7.40000010e-02, 1.11000001e-01, 0.,
          3.70000005e-02, 7.40000010e-02, 1.11000001e-01, 0.,
          3.70000005e-02, 7.40000010e-02, 1.11000001e-01, 0.,
          3.70000005e-02, 7.40000010e-02, 1.11000001e-01,
          -5.30091720e-03, 3.13582085e-02, 6.80173337e-02,
          1.04676463e-01, -5.24911517e-03, 3.14100124e-02,
          6.80691376e-02, 1.04728267e-01, -5.19731361e-03,
          3.14618126e-02, 6.81209415e-02, 1.04780063e-01,
          -5.14551159e-03, 3.15136164e-02, 6.81727380e-02,
          1.04831867e-01, -2.43961617e-01, -2.80229032e-01,
          -3.16496432e-01, -3.52763861e-01, -2.39640281e-01,
          -2.75907695e-01, -3.12175125e-01, -3.48442525e-01,
          -2.35318959e-01, -2.71586388e-01, -3.07853788e-01,
          -3.44121218e-01, -2.30997637e-01, -2.67265052e-01,
          -3.03532481e-01, -3.39799881e-01, -1.91166580e-01,
          -2.28026435e-01, -2.64886290e-01, -3.01746160e-01,
          -1.88225046e-01, -2.25084901e-01, -2.61944771e-01,
          -2.98804611e-01, -1.85283512e-01, -2.22143367e-01,
          -2.59003222e-01, -2.95863062e-01, -1.82341978e-01,
          -2.19201833e-01, -2.56061673e-01, -2.92921543e-01, 0., 0., 0.,
          0., 3.70000005e-02, 3.70000005e-02, 3.70000005e-02,
          3.70000005e-02, 7.40000010e-02, 7.40000010e-02, 7.40000010e-02,
          7.40000010e-02, 1.11000001e-01, 1.11000001e-01, 1.11000001e-01,
          1.11000001e-01, 3.03408802e-01, 3.04107279e-01, 3.04805726e-01,
          3.05504173e-01, 3.39992821e-01, 3.40691298e-01, 3.41389745e-01,
          3.42088193e-01, 3.76576841e-01, 3.77275288e-01, 3.77973765e-01,
          3.78672212e-01, 4.13160861e-01, 4.13859308e-01, 4.14557755e-01,
          4.15256232e-01, -9.04824793e-01, -8.98888409e-01,
          -8.92952025e-01, -8.87015641e-01, -9.05000865e-01,
          -8.99064481e-01, -8.93128037e-01, -8.87191653e-01,
          -9.05176878e-01, -8.99240494e-01, -8.93304110e-01,
          -8.87367666e-01, -9.05352890e-01, -8.99416506e-01,
          -8.93480122e-01, -8.87543738e-01, -9.30199325e-01,
          -9.28146243e-01, -9.26093102e-01, -9.24040020e-01,
          -9.20233011e-01, -9.18179929e-01, -9.16126847e-01,
          -9.14073706e-01, -9.10266697e-01, -9.08213615e-01,
          -9.06160533e-01, -9.04107451e-01, -9.00300443e-01,
          -8.98247302e-01, -8.96194220e-01, -8.94141138e-01, 0., 0., 0.,
          0., 0., 0., 0., 0., 0., 0., 0., 0., 0., 0., 0., 0.,
          7.33688567e-03, 2.37496453e-03, -2.58695637e-03,
          -7.54887704e-03, 1.28692752e-02, 7.90735427e-03,
          2.94543291e-03, -2.01648800e-03, 1.84016638e-02,
          1.34397428e-02, 8.47782195e-03, 3.51590128e-03, 2.39340533e-02,
          1.89721324e-02, 1.40102115e-02, 9.04829055e-03, 9.74931240e-01,
          9.79224682e-01, 9.83518124e-01, 9.87811565e-01, 1.01167762e+00,
          1.01597106e+00, 1.02026451e+00, 1.02455795e+00, 1.04842401e+00,
          1.05271745e+00, 1.05701089e+00, 1.06130433e+00, 1.08517039e+00,
          1.08946383e+00, 1.09375727e+00, 1.09805071e+00, 1.30711102e+00,
          1.30958807e+00, 1.31206512e+00, 1.31454217e+00, 1.34262180e+00,
          1.34509885e+00, 1.34757602e+00, 1.35005307e+00, 1.37813270e+00,
          1.38060975e+00, 1.38308680e+00, 1.38556385e+00, 1.41364348e+00,
          1.41612065e+00, 1.41859770e+00, 1.42107475e+00, 0., 0., 0., 0.,
          0., 0., 0., 0., 0., 0., 0., 0., 0., 0., 0., 0., 1., 1., 1., 1.,
          1., 1., 1., 1., 1., 1., 1., 1., 1., 1., 1., 1., 2., 2., 2., 2.,
          2., 2., 2., 2., 2., 2., 2., 2., 2., 2., 2., 2., 3., 3., 3., 3.,
          3., 3., 3., 3., 3., 3., 3., 3., 3., 3., 3., 3., 0., 1., 2., 3.,
          4., 5., 6., 7., 8., 9., 10., 11., 12., 13., 14., 15., 0., 1.,
          2., 3., 4., 5., 6., 7., 8., 9., 10., 11., 12., 13., 14., 15.,
          0., 1., 2., 3., 4., 5., 6., 7., 8., 9., 10., 11., 12., 13.,
          14., 15., 0., 1., 2., 3., 4., 5., 6., 7., 8., 9., 10., 11.,
          12., 13., 14., 15. ]
