%YAML:1.0
---
object_0:
   poses: !!opencv-matrix
      rows: 6
      cols: 415
      dt: d
      data: [ -2.4124231237659077e+00, -2.5282229843628765e+00,
          -2.4567195224769658e+00, -2.5873460449838697e+00,
          -2.4813408845366030e+00, -2.4965511509668592e+00,
          -2.5895997371853672e+00, -2.6599312078234694e+00,
          -2.7210978768901994e+00, -2.7120931347220849e+00,
          -2.7154410876198738e+00, -2.6717815826855973e+00,
          -2.6966273384083310e+00, -2.6961219624215738e+00,
          -2.6826766860358755e+00, -2.6636358053574547e+00,
          -2.6671369465441814e+00, -2.6591011192000353e+00,
          -2.5655191875490124e+00, -2.4639290904470741e+00,
          -2.4365713521942189e+00, -2.4649475665457747e+00,
          -2.4182969870376407e+00, -2.5442743013224112e+00,
          -2.5137071672030200e+00, -2.3893111485761755e+00,
          -2.5083277036594032e+00, -2.5329108734318990e+00,
          -2.5296192089861305e+00, -2.5125170901991911e+00,
          -2.5276253742471955e+00, -2.5540769078319219e+00,
          -2.5787638601129821e+00, -2.5721268055428848e+00,
          -2.6296234108654679e+00, -2.7554226229077496e+00,
          2.4972596154502353e+00, -2.7627669961574770e+00,
          -2.6524308719623493e+00, -2.5605810699694076e+00,
          -2.5191325764290626e+00, -2.4599556006835082e+00,
          -2.3961934826619871e+00, -2.4468499420651941e+00,
          -2.4682972909913681e+00, -2.4910923292121780e+00,
          -2.4736874220506788e+00, -2.4164388472787421e+00,
          -2.4233581378396010e+00, -2.5153560177130809e+00,
          -2.4999819864929593e+00, -2.5043937050038028e+00,
          -2.4950112680983292e+00, -2.4973558031361596e+00,
          -2.4934679949696696e+00, -2.5093919733842696e+00,
          -2.5190958407547503e+00, -2.4864816246451094e+00,
          -2.4927310924125803e+00, -2.6699418614847579e+00,
          -2.3957479030366615e+00, -2.2277046435868941e+00,
          -2.3039153442846283e+00, -2.3339172570451607e+00,
          -2.3208486921736231e+00, -2.7190192083604834e+00,
          -2.4451617301105175e+00, -2.5569767945098043e+00,
          -2.6053661782060407e+00, -2.7065577305042972e+00,
          -2.7576438940505277e+00, -2.8260283174360654e+00,
          -2.7942851817154524e+00, -2.6973961034617351e+00,
          -2.5904569075844281e+00, -2.5149675708552315e+00,
          -2.5345674825522884e+00, -2.5086350474990016e+00,
          -2.5102472418379538e+00, -2.5259322857748576e+00,
          -2.4956473424072243e+00, -2.5518893544203740e+00,
          -2.5374505118049333e+00, -2.5140839427602186e+00,
          -2.5677619219615315e+00, -2.5353200228948500e+00,
          7.1817582493121224e-01, 6.1029177904621212e-01,
          3.8793133770682497e-01, 3.8503403185092255e-01,
          4.5600426705855740e-01, 4.5375627744246494e-01,
          4.2649601704665452e-01, 3.9234100644421521e-01,
          5.3933287743939462e-01, 5.7158101201210154e-01,
          6.0979154747437547e-01, 5.3022691220046025e-01,
          3.8131214267007491e-01, 3.5126913035555402e-01,
          3.5006022912696672e-01, 4.2182067119117950e-01,
          5.0970525872186001e-01, 4.4862593948986063e-01,
          5.1102523901411866e-02, 3.8553338222923922e-01,
          3.8938083906400250e-01, 3.3383607169510648e-01,
          2.9009165071967691e-01, 2.6551859527518995e-01,
          2.1634779625223344e-01, 1.6559491817860156e-01,
          5.0207875101106048e-01, 3.8439062349077868e-01,
          2.5334128034772690e-01, 3.4260980585586803e-01,
          3.5843580204816999e-01, 3.2141361474587127e-01,
          4.1064293848316136e-01, 3.5537519353563030e-01,
          3.7199329854174851e-01, 6.0272696301586881e-01,
          5.6350735811673636e-01, 3.7579381137181334e-01,
          2.1617392175042383e-01, 2.4828630036697250e-01,
          3.9846503280395607e-01, 4.4752362829945042e-01,
          2.4560811567750013e-01, 5.1980451560685170e-01,
          4.9168436045390868e-01, 5.1847959516054165e-01,
          5.5268158668709411e-01, 6.4408125258824500e-01,
          5.5889691493436344e-01, 4.7269866990920045e-01,
          3.8016252502586856e-01, 5.0684645088284674e-01,
          5.2498671148039000e-01, 5.8559187275781865e-01,
          5.7617883862554009e-01, 4.9386339870176954e-01,
          4.6842060580545070e-01, -5.0758748127170357e-02,
          -7.7390535212479503e-02, -9.9086825035164930e-02,
          -1.0294761608741353e-01, -1.0962340686929513e-01,
          -5.1931145753754147e-02, -9.6242171579179928e-02,
          -1.7473470857033968e-01, -1.7912171418971121e-01,
          8.0727049298913911e-01, -1.6223164471774418e-01,
          -1.7489955801764015e-01, -1.6670366904517606e-01,
          -1.3791892371329034e-01, -2.5076511944392488e+00,
          -2.5104161661457915e+00, -2.5213769296688375e+00,
          -2.5319990352450725e+00, -2.4692787732405272e+00,
          -2.5149133800553916e+00, -2.5079160239375398e+00,
          -2.5048789007321308e+00, -2.5003545424236693e+00,
          -2.3866567800619971e+00, -2.5095903345321657e+00,
          -2.4761110396065651e+00, -2.4924148795119971e+00,
          -2.4586536857559325e+00, -2.5202980730576634e+00,
          -2.4739602378910250e+00, -2.4362692257773282e+00,
          -2.3916066596365049e+00, -2.3890453167224694e+00,
          -8.5564709495440469e-02, -1.5573105999604963e-02,
          -3.0250494304922399e-02, -2.4369009572399170e-02,
          4.2717420138937000e-02, 1.2847805654991823e-01,
          1.6687760817547432e-02, 6.5721895298797364e-02,
          1.7476023469307610e-02, 9.2368902173290834e-01,
          1.1463386659302276e-01, 4.3565401923809650e-02,
          4.5548022456649767e-02, 9.7574632455274146e-02,
          9.6264561737385634e-01, 1.1808735851272313e-01,
          1.4274338331545983e-01, 1.1962926272170755e-01,
          9.1304587782369584e-01, -1.1716703724843720e-02,
          -3.0935141427528522e-02, -1.1971637096079626e-01,
          -1.8283731681900253e-01, -8.5945554991049250e-02,
          -9.5892701374365522e-02, -4.1021091255462147e-02,
          1.6959216891674900e-03, 5.3507287445639991e-02,
          9.5630391424016503e-01, -9.4391482705791369e-03,
          9.7143176840708656e-01, 9.3288886526894677e-01,
          1.6968863415852076e-01, 9.2719626331748817e-01,
          9.7222110526389238e-01, 9.1670481672874826e-01,
          7.7131853065862943e-01, -9.1962192320451164e-02,
          -8.3885298791268825e-02, 6.0813122315388282e-03,
          5.4101922691240666e-02, 1.1638950688449522e-01,
          1.6803886515265404e-01, 1.6972371645075032e-01,
          1.5032907044457219e-01, 3.0782640061970474e-02,
          -3.3696046874873334e-02, 3.7424709059353217e-02,
          3.9822533075611836e-02, 6.4139678694086516e-02,
          7.0536884389796037e-02, 8.0749153625140291e-02,
          9.7621499894383915e-02, 8.0086937476565895e-02,
          8.1850697478899573e-02, 4.5294755108714682e-02,
          -2.5241611929335692e-02, 5.6554533657323429e-02,
          3.6785065562423024e-03, 9.6354789098262894e-01,
          8.2236336926688552e-02, 8.8267120021393408e-01,
          9.1777433946684939e-01, 4.1034154615051541e-02,
          7.5976584275642314e-02, 1.1053434226339115e-01,
          1.8590692743092910e-01, 2.2353292676081321e-01,
          1.8571183448662171e-01, 1.0511934093566203e-01,
          1.6395836867852689e-02, 5.2283538761338240e-02,
          7.3474005199753500e-02, 1.1554653704108360e-01,
          3.8297915575668579e-01, 1.2119912567252902e+00,
          -3.1911865061242239e+00, -2.3379042265823959e+00,
          -3.0889145966390958e+00, 3.1008128086378131e+00,
          -2.3700369535759580e+00, 3.1116730852199894e+00,
          3.0607649156599894e+00, 3.0626272285637217e+00,
          3.0542779503343711e+00, 3.0840641811252283e+00,
          3.1043857665072756e+00, 3.0767939376405669e+00,
          3.0442346795739024e+00, 3.0318713795518062e+00,
