%YAML:1.0
---
nb_camera: 6
camera_0:
   camera_matrix: !!opencv-matrix
      rows: 3
      cols: 3
      dt: d
      data: [ 4.0108329452442860e+02, 0., 3.2146370152008865e+02, 0.,
          4.0634611274169271e+02, 2.3469818507003643e+02, 0., 0., 1. ]
   distortion_vector: !!opencv-matrix
      rows: 1
      cols: 5
      dt: d
      data: [ -2.5455417878238754e-02, 2.5731985914600392e-01,
          -2.2084402016620677e-02, 6.5457301050718276e-03,
          -3.4825085313905307e-01 ]
   distortion_type: 0
   camera_group: 0
   img_width: 640
   img_height: 480
   camera_pose_matrix: !!opencv-matrix
      rows: 4
      cols: 4
      dt: d
      data: [ 1., 0., 0., 0., 0., 1., 0., 0., 0., 0., 1., 0., 0., 0., 0.,
          1. ]
camera_1:
   camera_matrix: !!opencv-matrix
      rows: 3
      cols: 3
      dt: d
      data: [ 4.4156475309882853e+02, 0., 3.0347862686212926e+02, 0.,
          4.4711964438542111e+02, 2.4212798606040988e+02, 0., 0., 1. ]
   distortion_vector: !!opencv-matrix
      rows: 1
      cols: 5
      dt: d
      data: [ 6.6450654204471715e-02, -9.9500385514415812e-02,
          -2.0018870032517955e-02, -7.2916481834490758e-03,
          3.4633464300851663e-01 ]
   distortion_type: 0
   camera_group: 0
   img_width: 640
   img_height: 480
   camera_pose_matrix: !!opencv-matrix
      rows: 4
      cols: 4
      dt: d
      data: [ 9.9780400699204164e-01, 9.9278828547861068e-04,
          -6.6228226626161860e-02, 6.0814976903372710e-02,
          1.7196248195276056e-03, 9.9916233938908050e-01,
          4.0885968705900000e-02, -1.1352449174936502e-02,
          6.6213340960157741e-02, -4.0910071106757873e-02,
          9.9696647865459043e-01, -3.9519780904848152e-02, 0., 0., 0.,
          1. ]
camera_2:
   camera_matrix: !!opencv-matrix
      rows: 3
      cols: 3
      dt: d
      data: [ 4.1845966878160311e+02, 0., 3.2337677316713905e+02, 0.,
          4.2014388605571764e+02, 2.2559083356813397e+02, 0., 0., 1. ]
   distortion_vector: !!opencv-matrix
      rows: 1
      cols: 5
      dt: d
      data: [ 4.9842432169325240e-02, -1.0564977118109552e-01,
          -8.5681253431570716e-03, 1.7429889511888755e-03,
          8.0271235522507575e-02 ]
   distortion_type: 0
   camera_group: 0
   img_width: 640
   img_height: 480
   camera_pose_matrix: !!opencv-matrix
      rows: 4
      cols: 4
      dt: d
      data: [ -9.9718688320786253e-01, -6.0962233880355501e-02,
          -4.3611076557516434e-02, -4.4410118905791780e-02,
          -6.4903670456759197e-02, 4.1122061315942177e-01,
          9.0922226153676544e-01, 2.3190568425961389e-01,
          -3.7494446514505682e-02, 9.0949503206620486e-01,
          -4.1402047428534783e-01, 1.1418274923154103e-02, 0., 0., 0.,
          1. ]
camera_3:
   camera_matrix: !!opencv-matrix
      rows: 3
      cols: 3
      dt: d
      data: [ 4.2305934644199624e+02, 0., 3.2116203894393590e+02, 0.,
          4.2499687059228120e+02, 2.2899060156854830e+02, 0., 0., 1. ]
   distortion_vector: !!opencv-matrix
      rows: 1
      cols: 5
      dt: d
      data: [ 2.2473132274907090e-02, 3.5465304627041200e-02,
          -5.4444280738939546e-03, -2.3243047243720960e-05,
          -6.8391763653077073e-02 ]
   distortion_type: 0
   camera_group: 0
   img_width: 640
   img_height: 480
   camera_pose_matrix: !!opencv-matrix
      rows: 4
      cols: 4
      dt: d
      data: [ -9.9754970381134078e-01, -6.0439752747982994e-02,
          -3.5236695555473499e-02, -9.5126892977058092e-02,
          -5.6746438683732595e-02, 4.0441771538604754e-01,
          9.1281222229911196e-01, 2.2426098688187213e-01,
          -4.0919801106796917e-02, 9.1257511897360677e-01,
          -4.0685651292278402e-01, 1.1148766140384420e-02, 0., 0., 0.,
          1. ]
camera_4:
   camera_matrix: !!opencv-matrix
      rows: 3
      cols: 3
      dt: d
      data: [ 4.7041758829954728e+02, 0., 2.5405199141856667e+02, 0.,
          4.7210058474576505e+02, 2.7292140767651870e+02, 0., 0., 1. ]
   distortion_vector: !!opencv-matrix
      rows: 1
      cols: 5
      dt: d
      data: [ 8.3605537276084418e-01, -2.2063032652746095e+00,
          4.2367828588287686e-02, -6.9799978071534569e-02,
          1.8876943219002618e+00 ]
   distortion_type: 0
   camera_group: 0
   img_width: 640
   img_height: 480
   camera_pose_matrix: !!opencv-matrix
      rows: 4
      cols: 4
      dt: d
      data: [ 9.8212117417257128e-01, -1.4507597510389433e-01,
          -1.1996233029390645e-01, -1.4891801192036552e-01,
          1.7718919875559738e-01, 9.2762303722540784e-01,
          3.2881528044338076e-01, 1.9208121306796277e-01,
          6.3576623740487143e-02, -3.4419247850056800e-01,
          9.3674412229669024e-01, -2.7822287751814728e-01, 0., 0., 0.,
          1. ]
camera_5:
   camera_matrix: !!opencv-matrix
      rows: 3
      cols: 3
      dt: d
      data: [ 1.4519678432548885e+03, 0., 3.5337867757705499e+02, 0.,
          1.8666411110611837e+03, 2.2058440522094173e+02, 0., 0., 1. ]
   distortion_vector: !!opencv-matrix
      rows: 1
      cols: 5
      dt: d
      data: [ -9.4987009838312697e-01, 6.4244727748368484e+02,
          7.3158677165878294e-01, 1.7716871124341083e-01,
          -1.4731850537785886e+04 ]
   distortion_type: 0
   camera_group: 0
   img_width: 640
   img_height: 480
   camera_pose_matrix: !!opencv-matrix
      rows: 4
      cols: 4
      dt: d
      data: [ 9.9702066783058718e-01, -4.6757055572169207e-02,
          6.1347906833656832e-02, -1.3730036889236313e-01,
          6.0357377184621329e-02, 9.6813492150632174e-01,
          -2.4304682836717231e-01, 8.5318182088017491e-01,
          -4.8028896906376156e-02, 2.4602550988499031e-01,
          9.6807265922955776e-01, -1.4712732436194937e+00, 0., 0., 0.,
          1. ]
