%YAML:1.0
---
object_0:
   points: !!opencv-matrix
      rows: 5
      cols: 64
      dt: f
      data: [ 0., 3.70000005e-02, 7.40000010e-02, 1.11000001e-01, 0.,
          3.70000005e-02, 7.40000010e-02, 1.11000001e-01, 0.,
          3.70000005e-02, 7.40000010e-02, 1.11000001e-01, 0.,
          3.70000005e-02, 7.40000010e-02, 1.11000001e-01,
          -3.61750089e-03, 3.33708301e-02, 7.03591630e-02,
          1.07347496e-01, -4.47245920e-03, 3.25158723e-02,
          6.95042089e-02, 1.06492542e-01, -5.32741705e-03,
          3.16609144e-02, 6.86492473e-02, 1.05637580e-01,
          -6.18237536e-03, 3.08059584e-02, 6.77942932e-02,
          1.04782626e-01, 9.99762118e-02, 6.31339699e-02, 2.62917299e-02,
          -1.05505120e-02, 9.69824791e-02, 6.01402372e-02,
          2.32979972e-02, -1.35442456e-02, 9.39887464e-02,
          5.71465045e-02, 2.03042645e-02, -1.65379774e-02,
          9.09950137e-02, 5.41527718e-02, 1.73105318e-02,
          -1.95317101e-02, 6.59343675e-02, 2.91866660e-02,
          -7.56103452e-03, -4.43087332e-02, 6.27331212e-02,
          2.59854235e-02, -1.07622761e-02, -4.75099757e-02,
          5.95318824e-02, 2.27841828e-02, -1.39635168e-02,
          -5.07112183e-02, 5.63306436e-02, 1.95829421e-02,
          -1.71647575e-02, -5.39124571e-02, 0., 0., 0., 0.,
          3.70000005e-02, 3.70000005e-02, 3.70000005e-02, 3.70000005e-02,
          7.40000010e-02, 7.40000010e-02, 7.40000010e-02, 7.40000010e-02,
          1.11000001e-01, 1.11000001e-01, 1.11000001e-01, 1.11000001e-01,
          2.97619939e-01, 2.98545390e-01, 2.99470842e-01, 3.00396293e-01,
          3.30236554e-01, 3.31162006e-01, 3.32087457e-01, 3.33012909e-01,
          3.62853169e-01, 3.63778621e-01, 3.64704072e-01, 3.65629524e-01,
          3.95469785e-01, 3.96395236e-01, 3.97320688e-01, 3.98246139e-01,
          -3.99440527e-01, -3.97696495e-01, -3.95952463e-01,
          -3.94208401e-01, -4.00678813e-01, -3.98934782e-01,
          -3.97190750e-01, -3.95446718e-01, -4.01917130e-01,
          -4.00173068e-01, -3.98429036e-01, -3.96685004e-01,
          -4.03155416e-01, -4.01411384e-01, -3.99667352e-01,
          -3.97923321e-01, -3.12320501e-01, -3.13430548e-01,
          -3.14540625e-01, -3.15650702e-01, -2.81338304e-01,
          -2.82448381e-01, -2.83558458e-01, -2.84668535e-01,
          -2.50356138e-01, -2.51466215e-01, -2.52576262e-01,
          -2.53686339e-01, -2.19373956e-01, -2.20484018e-01,
          -2.21594095e-01, -2.22704172e-01, 0., 0., 0., 0., 0., 0., 0.,
          0., 0., 0., 0., 0., 0., 0., 0., 0., 3.17056216e-02,
          3.17880511e-02, 3.18704844e-02, 3.19529176e-02, 4.91534062e-02,
          4.92358357e-02, 4.93182689e-02, 4.94007021e-02, 6.66011870e-02,
          6.66836202e-02, 6.67660534e-02, 6.68484867e-02, 8.40489790e-02,
          8.41314048e-02, 8.42138380e-02, 8.42962712e-02, 5.58250785e-01,
          5.55316865e-01, 5.52383006e-01, 5.49449146e-01, 5.95108628e-01,
          5.92174768e-01, 5.89240909e-01, 5.86307049e-01, 6.31966531e-01,
          6.29032671e-01, 6.26098812e-01, 6.23164952e-01, 6.68824434e-01,
          6.65890574e-01, 6.62956715e-01, 6.60022855e-01, 8.63373935e-01,
          8.59205723e-01, 8.55037451e-01, 8.50869179e-01, 8.83345366e-01,
          8.79177094e-01, 8.75008821e-01, 8.70840609e-01, 9.03316736e-01,
          8.99148524e-01, 8.94980252e-01, 8.90811980e-01, 9.23288167e-01,
          9.19119895e-01, 9.14951622e-01, 9.10783410e-01, 0., 0., 0., 0.,
          0., 0., 0., 0., 0., 0., 0., 0., 0., 0., 0., 0., 1., 1., 1., 1.,
          1., 1., 1., 1., 1., 1., 1., 1., 1., 1., 1., 1., 2., 2., 2., 2.,
          2., 2., 2., 2., 2., 2., 2., 2., 2., 2., 2., 2., 3., 3., 3., 3.,
          3., 3., 3., 3., 3., 3., 3., 3., 3., 3., 3., 3., 0., 1., 2., 3.,
          4., 5., 6., 7., 8., 9., 10., 11., 12., 13., 14., 15., 0., 1.,
          2., 3., 4., 5., 6., 7., 8., 9., 10., 11., 12., 13., 14., 15.,
          0., 1., 2., 3., 4., 5., 6., 7., 8., 9., 10., 11., 12., 13.,
          14., 15., 0., 1., 2., 3., 4., 5., 6., 7., 8., 9., 10., 11.,
          12., 13., 14., 15. ]
