%YAML:1.0
---
nb_camera: 6
camera_0:
   camera_matrix: !!opencv-matrix
      rows: 3
      cols: 3
      dt: d
      data: [ 3.8477712075308432e+02, 0., 3.3575284575796212e+02, 0.,
          3.8353938618616013e+02, 2.6113342194316198e+02, 0., 0., 1. ]
   distortion_vector: !!opencv-matrix
      rows: 1
      cols: 5
      dt: d
      data: [ 4.9389592952478242e-03, 2.7905769001794097e-03,
          1.3237492871962037e-02, 1.5744451258731158e-02,
          -8.7990323450441391e-03 ]
   distortion_type: 0
   camera_group: 0
   img_width: 640
   img_height: 480
   camera_pose_matrix: !!opencv-matrix
      rows: 4
      cols: 4
      dt: d
      data: [ 1., 0., 0., 0., 0., 1., 0., 0., 0., 0., 1., 0., 0., 0., 0.,
          1. ]
camera_1:
   camera_matrix: !!opencv-matrix
      rows: 3
      cols: 3
      dt: d
      data: [ 3.8594759870867745e+02, 0., 3.3543255132886446e+02, 0.,
          3.8385607430440405e+02, 2.5813793047694696e+02, 0., 0., 1. ]
   distortion_vector: !!opencv-matrix
      rows: 1
      cols: 5
      dt: d
      data: [ -4.3547621451416347e-03, 3.3343358365558802e-02,
          1.0666630547195180e-02, 1.6315200134020089e-02,
          -3.3469048060336404e-02 ]
   distortion_type: 0
   camera_group: 0
   img_width: 640
   img_height: 480
   camera_pose_matrix: !!opencv-matrix
      rows: 4
      cols: 4
      dt: d
      data: [ 9.9999598640767184e-01, 3.8469269450391110e-04,
          -2.8069877231735622e-03, 5.0986778911292281e-02,
          -4.0532384769497115e-04, 9.9997288372024062e-01,
          -7.3530630899221027e-03, -4.3315512580686797e-04,
          2.8040829384562657e-03, 7.3541713167888847e-03,
          9.9996902616186945e-01, 1.7288553392606854e-03, 0., 0., 0., 1. ]
camera_2:
   camera_matrix: !!opencv-matrix
      rows: 3
      cols: 3
      dt: d
      data: [ 3.9698543872028267e+02, 0., 3.1998822586604769e+02, 0.,
          3.9700507931783028e+02, 2.3942543236929515e+02, 0., 0., 1. ]
   distortion_vector: !!opencv-matrix
      rows: 1
      cols: 5
      dt: d
      data: [ -1.2482113284377695e-03, 2.2031523720434622e-02,
          -5.4521085865559310e-04, 3.2821928964919056e-03,
          -1.9234556844659602e-03 ]
   distortion_type: 0
   camera_group: 0
   img_width: 640
   img_height: 480
   camera_pose_matrix: !!opencv-matrix
      rows: 4
      cols: 4
      dt: d
      data: [ -9.9651791022126535e-01, -6.4752648249070829e-02,
          -5.2527603723891252e-02, -5.4672047618763646e-02,
          -6.7811605464648358e-02, 2.6285027172978481e-01,
          9.6245068487475538e-01, 3.2056486670539103e-01,
          -4.8514335742633065e-02, 9.6266132632214452e-01,
          -2.6632598452111389e-01, -3.8886721068514207e-02, 0., 0., 0.,
          1. ]
camera_3:
   camera_matrix: !!opencv-matrix
      rows: 3
      cols: 3
      dt: d
      data: [ 3.9696370886252919e+02, 0., 3.1955676463226689e+02, 0.,
          3.9665460506216226e+02, 2.3962915522982149e+02, 0., 0., 1. ]
   distortion_vector: !!opencv-matrix
      rows: 1
      cols: 5
      dt: d
      data: [ -2.2421018917364462e-03, 1.7417259197507782e-02,
          -5.9912601837841170e-04, 2.4791606688306365e-03,
          -3.4734492297421871e-03 ]
   distortion_type: 0
   camera_group: 0
   img_width: 640
   img_height: 480
   camera_pose_matrix: !!opencv-matrix
      rows: 4
      cols: 4
      dt: d
      data: [ -9.9656176577222544e-01, -6.5293339745005993e-02,
          -5.1004184003740086e-02, -1.0480051170860907e-01,
          -6.6427727071996776e-02, 2.6174177686193240e-01,
          9.6284920902559112e-01, 3.1862693984378276e-01,
          -4.9517714779586344e-02, 9.6292679993346408e-01,
          -2.6517913547808786e-01, -4.3061097925158692e-02, 0., 0., 0.,
          1. ]
camera_4:
   camera_matrix: !!opencv-matrix
      rows: 3
      cols: 3
      dt: d
      data: [ 4.0816411600953757e+02, 0., 3.2180172648115985e+02, 0.,
          4.1699682064727114e+02, 2.4473797456152155e+02, 0., 0., 1. ]
   distortion_vector: !!opencv-matrix
      rows: 1
      cols: 5
      dt: d
      data: [ 3.2166448629402267e-02, 1.1483340110875094e-01,
          2.3643556439848896e-02, 3.0927246555328657e-03,
          -2.1800203489000664e-01 ]
   distortion_type: 0
   camera_group: 0
   img_width: 640
   img_height: 480
   camera_pose_matrix: !!opencv-matrix
      rows: 4
      cols: 4
      dt: d
      data: [ 9.9771397949937890e-01, -5.5508571505789160e-02,
          -3.8543658374621551e-02, -1.1072129505585693e-01,
          5.3021511905009512e-02, 9.9661682893244519e-01,
          -6.2798213063304922e-02, 4.4220726713959052e-01,
          4.1899097685031091e-02, 6.0611012019467198e-02,
          9.9728169081516593e-01, -1.9947521467735346e-01, 0., 0., 0.,
          1. ]
camera_5:
   camera_matrix: !!opencv-matrix
      rows: 3
      cols: 3
      dt: d
      data: [ 4.1609597444075609e+02, 0., 3.1117626649502978e+02, 0.,
          4.2947934762603740e+02, 2.5090702948091214e+02, 0., 0., 1. ]
   distortion_vector: !!opencv-matrix
      rows: 1
      cols: 5
      dt: d
      data: [ 8.7393220636707861e-02, -1.0179486493795899e-01,
          3.5806212598041481e-02, -4.9214520933499491e-03,
          7.8926107089644010e-02 ]
   distortion_type: 0
   camera_group: 0
   img_width: 640
   img_height: 480
   camera_pose_matrix: !!opencv-matrix
      rows: 4
      cols: 4
      dt: d
      data: [ 9.9685600305962607e-01, -5.1829549318781684e-02,
          -5.9931685954916908e-02, -6.3975998678245119e-02,
          4.7889558566433586e-02, 9.9670881619555374e-01,
          -6.5407384127252624e-02, 4.5892121244738565e-01,
          6.3124475002164851e-02, 6.2331641527155583e-02,
          9.9605726096456482e-01, -2.1327091656679723e-01, 0., 0., 0.,
          1. ]
