%YAML:1.0
---
object_0:
   points: !!opencv-matrix
      rows: 5
      cols: 64
      dt: f
      data: [ 0., 5.49999997e-02, 1.09999999e-01, 1.64999992e-01, 0.,
          5.49999997e-02, 1.09999999e-01, 1.64999992e-01, 0.,
          5.49999997e-02, 1.09999999e-01, 1.64999992e-01, 0.,
          5.49999997e-02, 1.09999999e-01, 1.64999992e-01, 1.64751887e-01,
          1.09782100e-01, 5.48123159e-02, -1.57459683e-04,
          1.63240060e-01, 1.08270273e-01, 5.33004887e-02,
          -1.66928745e-03, 1.61728233e-01, 1.06758446e-01,
          5.17886616e-02, -3.18111503e-03, 1.60216406e-01,
          1.05246618e-01, 5.02768345e-02, -4.69294284e-03,
          9.92560461e-02, 4.43850346e-02, -1.04859769e-02,
          -6.53569773e-02, 9.88872796e-02, 4.40162681e-02,
          -1.08547416e-02, -6.57257438e-02, 9.85185131e-02,
          4.36475016e-02, -1.12235071e-02, -6.60945103e-02,
          9.81497467e-02, 4.32787389e-02, -1.15922717e-02,
          -6.64632767e-02, -7.43985847e-02, -1.94561686e-02,
          3.54862474e-02, 9.04286578e-02, -7.54485801e-02,
          -2.05061622e-02, 3.44362557e-02, 8.93786699e-02,
          -7.64985755e-02, -2.15561539e-02, 3.33862640e-02,
          8.83286744e-02, -7.75485635e-02, -2.26061475e-02,
          3.23362723e-02, 8.72786790e-02, 0., 0., 0., 0., 5.49999997e-02,
          5.49999997e-02, 5.49999997e-02, 5.49999997e-02, 1.09999999e-01,
          1.09999999e-01, 1.09999999e-01, 1.09999999e-01, 1.64999992e-01,
          1.64999992e-01, 1.64999992e-01, 1.64999992e-01,
          -1.56400859e-01, -1.56506628e-01, -1.56612411e-01,
          -1.56718180e-01, -1.84432998e-01, -1.84538767e-01,
          -1.84644550e-01, -1.84750319e-01, -2.12465137e-01,
          -2.12570906e-01, -2.12676689e-01, -2.12782457e-01,
          -2.40497276e-01, -2.40603045e-01, -2.40708813e-01,
          -2.40814582e-01, -3.80675197e-01, -3.82779658e-01,
          -3.84884119e-01, -3.86988550e-01, -3.32286030e-01,
          -3.34390461e-01, -3.36494923e-01, -3.38599354e-01,
          -2.83896834e-01, -2.86001265e-01, -2.88105726e-01,
          -2.90210158e-01, -2.35507637e-01, -2.37612084e-01,
          -2.39716530e-01, -2.41820976e-01, -5.35138667e-01,
          -5.33568501e-01, -5.31998336e-01, -5.30428171e-01,
          -5.59885681e-01, -5.58315516e-01, -5.56745350e-01,
          -5.55175245e-01, -5.84632695e-01, -5.83062530e-01,
          -5.81492424e-01, -5.79922259e-01, -6.09379709e-01,
          -6.07809603e-01, -6.06239438e-01, -6.04669273e-01, 0., 0., 0.,
          0., 0., 0., 0., 0., 0., 0., 0., 0., 0., 0., 0., 0.,
          7.93016255e-02, 7.74818137e-02, 7.56619945e-02, 7.38421828e-02,
          1.26597643e-01, 1.24777831e-01, 1.22958019e-01, 1.21138208e-01,
          1.73893660e-01, 1.72073856e-01, 1.70254037e-01, 1.68434232e-01,
          2.21189678e-01, 2.19369873e-01, 2.17550054e-01, 2.15730250e-01,
          1.37801886e+00, 1.38114035e+00, 1.38426185e+00, 1.38738334e+00,
          1.40415990e+00, 1.40728128e+00, 1.41040277e+00, 1.41352427e+00,
          1.43030083e+00, 1.43342233e+00, 1.43654370e+00, 1.43966520e+00,
          1.45644176e+00, 1.45956326e+00, 1.46268475e+00, 1.46580613e+00,
          1.22130370e+00, 1.21933770e+00, 1.21737170e+00, 1.21540558e+00,
          1.17219687e+00, 1.17023087e+00, 1.16826475e+00, 1.16629875e+00,
          1.12309003e+00, 1.12112403e+00, 1.11915791e+00, 1.11719191e+00,
          1.07398319e+00, 1.07201719e+00, 1.07005107e+00, 1.06808507e+00,
          0., 0., 0., 0., 0., 0., 0., 0., 0., 0., 0., 0., 0., 0., 0., 0.,
          1., 1., 1., 1., 1., 1., 1., 1., 1., 1., 1., 1., 1., 1., 1., 1.,
          2., 2., 2., 2., 2., 2., 2., 2., 2., 2., 2., 2., 2., 2., 2., 2.,
          3., 3., 3., 3., 3., 3., 3., 3., 3., 3., 3., 3., 3., 3., 3., 3.,
          0., 1., 2., 3., 4., 5., 6., 7., 8., 9., 10., 11., 12., 13.,
          14., 15., 0., 1., 2., 3., 4., 5., 6., 7., 8., 9., 10., 11.,
          12., 13., 14., 15., 0., 1., 2., 3., 4., 5., 6., 7., 8., 9.,
          10., 11., 12., 13., 14., 15., 0., 1., 2., 3., 4., 5., 6., 7.,
          8., 9., 10., 11., 12., 13., 14., 15. ]
