%YAML:1.0
---
object_0:
   poses: !!opencv-matrix
      rows: 6
      cols: 137
      dt: d
      data: [ -3.1235394293716925e+00, 3.0042937521380999e+00,
          3.0007699829073418e+00, -3.0715306067948696e+00,
          -3.0797990443213998e+00, 3.0505157164684982e+00,
          -3.0321659376874575e+00, 3.0756590777583721e+00,
          2.9989290905011607e+00, 3.1247554862404590e+00,
          2.9462238503069100e+00, -3.0275122237968022e+00,
          -3.0863334287547159e+00, -3.0738425162537806e+00,
          3.0362789304021747e+00, 3.0049605308069287e+00,
          -3.0768543514895077e+00, -3.0900320614664172e+00,
          -2.9226732796540293e+00, -2.9204498029875015e+00,
          -3.1192011033718372e+00, -3.0401482368309338e+00,
          3.1919764419531362e+00, -3.0410309529936783e+00,
          -3.1442214469042264e+00, -3.0157425607504562e+00,
          3.0447703794067942e+00, 3.0208130122342594e+00,
          -3.1096690452027249e+00, 3.0992043230947837e+00,
          -3.0153879410495752e+00, 3.0771527140529082e+00,
          2.8471181549482334e+00, 3.0347249862848322e+00,
          2.9489214058058351e+00, 3.0803959141743591e+00,
          -2.9199469174673518e+00, -2.9587686904503085e+00,
          -2.9686625980754924e+00, -2.9781128646077346e+00,
          -2.8708770379306316e+00, 2.8904260951286949e+00,
          -3.1341058271283444e+00, -3.0110718570440844e+00,
          2.9025211699253797e+00, -2.9725694745476070e+00,
          -3.0410168995690015e+00, 3.0645111890002865e+00,
          -3.0704439996451427e+00, -3.1022928395990674e+00,
          -3.0731139626667670e+00, 3.0378925645028452e+00,
          3.0452785037310437e+00, -3.0961994665469446e+00,
          -2.9803050441108323e+00, -3.0698187774831727e+00,
          -3.0325110952356935e+00, -2.9381686440887274e+00,
          2.9460551946784399e+00, -3.1514017199532303e+00,
          2.9140346079274182e+00, -3.1239246157686344e+00,
          3.0345056041553269e+00, -2.9446736770670334e+00,
          -3.0685954496363190e+00, 3.0942176343339187e+00,
          -3.0641446212839911e+00, -3.0570789483953127e+00,
          3.0226465832642178e+00, -3.0355423439971529e+00,
          3.0134968463161345e+00, -3.0174449398735419e+00,
          -3.0672211304616686e+00, 3.1259781136095506e+00,
          3.0783337897024987e+00, -3.0132212074811924e+00,
          3.0540446134458090e+00, 3.0840207428221471e+00,
          -3.0414582878982439e+00, -3.0592312986540406e+00,
          3.0773433773007648e+00, 2.9835594642650562e+00,
          3.0310971286367461e+00, -3.1068952594284069e+00,
          3.0494455258094892e+00, -2.9676010534800978e+00,
          2.9695933147811431e+00, -3.0937937830055597e+00,
          -3.0795046851978212e+00, 2.9063664039124188e+00,
          3.0405410528497319e+00, 2.9809099749744870e+00,
          -3.0345063604946296e+00, 2.9415176141351496e+00,
          -2.9487003319938698e+00, 3.0170775044373825e+00,
          -2.9931062809774440e+00, 2.8986331493762578e+00,
          3.0930142314426701e+00, 2.9677122689529480e+00,
          -2.8721680140647243e+00, -3.0943299520614787e+00,
          -2.9864982633024271e+00, 2.9694893761239589e+00,
          2.9628278399017414e+00, 2.9927023340735532e+00,
          3.0031896451196323e+00, -3.0924201146738808e+00,
          -2.9243162792669208e+00, -3.1204966500115328e+00,
          -2.9929208132092295e+00, -3.1244502377157599e+00,
          -3.0618416254558918e+00, 2.9673704043541815e+00,
          3.0884524720855433e+00, -2.9700867490736576e+00,
          -3.0670659819323074e+00, -2.9651666205860940e+00,
          2.8948691800563227e+00, 2.8830809239480573e+00,
          3.0546858347493937e+00, 3.0814118726426027e+00,
          3.1020470909853821e+00, -3.0744070115798010e+00,
          2.9794940916985424e+00, 3.0366060162456678e+00,
          3.0563262329554317e+00, -3.0530475567071265e+00,
          -2.9610814163746273e+00, 3.0491714168527415e+00,
          -3.0004712305492722e+00, 3.0565199908487739e+00,
          3.0642663613373049e+00, 3.0876637745708742e+00,
          -3.0270274588315655e+00, 3.0415096974345377e+00,
          -3.0473010502897275e+00, 5.7888084791058900e-04,
          -1.0687621839332436e-02, -1.6915285188212902e-02,
          7.2479143606454704e-03, 5.0026906900441071e-04,
          -1.3099932233397425e-02, 1.2947381553686157e-02,
          -3.1544603873418361e-03, 2.5306017032860045e-02,
          1.1227908150572203e-03, 4.1033596750642783e-02,
          -1.4599573875777743e-02, -2.1443837324299471e-03,
          -1.6545534898375447e-03, -9.8452807951406526e-03,
          -2.3911140444782920e-02, -8.0243844348446055e-03,
          -5.0253941164703332e-03, -3.6773991753389218e-02,
          4.9679668454004164e-02, 1.5839349259450374e-03,
          5.8246192341661288e-03, 1.3798393481611200e-02,
          1.4295186255821374e-02, -1.8666395509381204e-03,
          -1.6979182589792592e-02, 1.4055084588917958e-02,
          -8.8856102438960236e-03, -2.7406396516917505e-03,
          -4.2889834525331610e-04, -5.3927840867361264e-02,
          -2.5676575170043580e-02, -4.1140238055688852e-02,
          -3.3046534872209751e-02, -6.3085885400000735e-02,
          -2.5297986691392028e-02, -8.2734305936021171e-02,
          -6.7142228965834896e-02, -3.8028280606656077e-02,
          -5.8672340154920469e-02, -5.7370328291900391e-02,
          -1.9984822249387073e-02, -3.1832613064994015e-03,
          -6.3501182284447691e-02, -7.6928286515569586e-02,
          -3.5291368429130693e-02, -3.4475874179858070e-02,
          -4.2678841976209218e-03, -1.3026417227970767e-02,
          -1.4337431911848091e-02, -3.1935835010785237e-02,
          -2.9293415720736665e-02, -4.3089917016005959e-02,
          -1.7164813691820744e-02, -2.6097965105098122e-02,
          -2.7280169235715704e-02, -3.8624772287479001e-02,
          -6.5039350675937038e-02, -3.2161885218440947e-02,
          4.3467049339555690e-02, -1.0082841280160995e-01,
          -6.0343534562436922e-03, -4.6330777305430684e-02,
          -4.3000467455158266e-02, -6.8234399799219636e-02,
          -4.1379036250939527e-02, -4.5818346028798800e-02,
          -7.2117635925163681e-02, -2.3190324613355420e-02,
          -5.6717680169967810e-02, -9.1623404467031974e-02,
          -3.2334712959805958e-02, -4.2396428873299911e-02,
          -5.5803333798831491e-03, -6.6527937174687621e-03,
          -7.8235458766997765e-02, -3.8158901300005564e-02,
          -5.3515398370949825e-02, -3.6451903599448020e-02,
          -1.7050103854329080e-02, -5.9284509160037267e-02,
          1.5580236210167381e-02, 2.0705561572437890e-02,
          3.9393460207619354e-03, 4.4331872277294640e-02,
          1.0354204701661724e-02, 2.5303940551596533e-02,
          2.0624726819564267e-02, 2.8439797156696502e-02,
          6.3461281572684356e-03, 4.5631299164780946e-02,
          4.6865203107042553e-03, 4.9323907481089384e-02,
          1.8080973466920152e-02, 4.1092940797551783e-02,
          6.2723023536496753e-02, 5.8177579664738688e-02,
          1.1005209477617554e-01, 8.2275545057173011e-03,
          6.5203834150012949e-02, 6.5485875812513583e-02,
          1.1049196060666197e-02, 8.0063234364208258e-02,
          5.4895070085141044e-02, 3.1287529020045585e-02,
          1.2463843615453867e-02, 1.5217005800399451e-03,
          2.2193030891611433e-02, 7.2254919922278449e-02,
          6.1056178481123553e-03, 7.6011078584260344e-02,
          4.2934601707064297e-03, 3.0281229024182545e-02,
          7.4552225986299930e-02, 2.4547098268404205e-02,
          6.4089913144815491e-02, 3.5458285114465117e-02,
          5.7667364411949827e-02, 1.1186479192858323e-01,
          1.2206821450039698e-01, 2.2400131140824824e-02,
          1.8592013320337771e-02, 2.5587986638547531e-02,
          1.2246709969009352e-02, 2.2088651423305142e-02,
          7.4775748592578383e-03, 2.1469085293962707e-02,
          4.9134098520254917e-02, 7.0538569461239237e-02,
