%YAML:1.0
---
nb_camera: 5
camera_0:
   camera_matrix: !!opencv-matrix
      rows: 3
      cols: 3
      dt: d
      data: [ 1.5797475941836578e+03, 0., 9.1101180699561735e+02, 0.,
          2.1063416380888630e+03, 6.8750674792718007e+02, 0., 0., 1. ]
   distortion_vector: !!opencv-matrix
      rows: 1
      cols: 5
      dt: d
      data: [ 3.1359625246400676e-04, -7.0408610043398571e-04,
          -4.7259085023313818e-07, -7.3303524428925334e-05,
          8.0443163611447596e-04 ]
   distortion_type: 0
   camera_group: 0
   img_width: 1824
   img_height: 1376
   camera_pose_matrix: !!opencv-matrix
      rows: 4
      cols: 4
      dt: d
      data: [ 1., 0., 0., 0., 0., 1., 0., 0., 0., 0., 1., 0., 0., 0., 0.,
          1. ]
camera_1:
   camera_matrix: !!opencv-matrix
      rows: 3
      cols: 3
      dt: d
      data: [ 1.5799509741784395e+03, 0., 9.1108421270647250e+02, 0.,
          2.1066945636983796e+03, 6.8720679336271144e+02, 0., 0., 1. ]
   distortion_vector: !!opencv-matrix
      rows: 1
      cols: 5
      dt: d
      data: [ -5.9662416932454671e-04, 5.5355428046551178e-03,
          -4.6206399174924578e-05, -3.2895116661357254e-05,
          -1.3738547625884447e-02 ]
   distortion_type: 0
   camera_group: 0
   img_width: 1824
   img_height: 1376
   camera_pose_matrix: !!opencv-matrix
      rows: 4
      cols: 4
      dt: d
      data: [ 9.6591766219870945e-01, 2.8328059848862313e-05,
          2.5884951043048349e-01, 9.9170851812105321e-01,
          8.4325846688771503e-06, 9.9999999003730811e-01,
          -1.4090519999684643e-04, -1.3234248770505156e-05,
          -2.5884951184321642e-01, 1.3828559178579792e-04,
          9.6591765233669047e-01, -1.6259195386869862e-01, 0., 0., 0.,
          1. ]
camera_2:
   camera_matrix: !!opencv-matrix
      rows: 3
      cols: 3
      dt: d
      data: [ 1.5802775429855601e+03, 0., 9.1192216282395316e+02, 0.,
          2.1068012911979417e+03, 6.8737573639990865e+02, 0., 0., 1. ]
   distortion_vector: !!opencv-matrix
      rows: 1
      cols: 5
      dt: d
      data: [ -5.4193023230109387e-04, 5.6968562230211338e-03,
          -4.0703169570330426e-05, 1.9293788013898837e-04,
          -1.5053095243135341e-02 ]
   distortion_type: 0
   camera_group: 0
   img_width: 1824
   img_height: 1376
   camera_pose_matrix: !!opencv-matrix
      rows: 4
      cols: 4
      dt: d
      data: [ 8.6577926706885289e-01, -2.5341139474637948e-05,
          5.0042607852863363e-01, 1.9078468146960794e+00,
          5.7183560173848217e-05, 9.9999999719890120e-01,
          -4.8293249390807288e-05, 1.2076516108180303e-05,
          -5.0042607590308497e-01, 7.0427438836051504e-05,
          8.6577926609281630e-01, -4.9581789469055104e-01, 0., 0., 0.,
          1. ]
camera_3:
   camera_matrix: !!opencv-matrix
      rows: 3
      cols: 3
      dt: d
      data: [ 1.5795139322020277e+03, 0., 9.1101100756282051e+02, 0.,
          2.1059726630073651e+03, 6.8757330224624457e+02, 0., 0., 1. ]
   distortion_vector: !!opencv-matrix
      rows: 1
      cols: 5
      dt: d
      data: [ 2.0480913642920338e-04, -2.9279078815941965e-03,
          -6.8143082387776768e-06, -5.9197497464826584e-05,
          8.8354144320210957e-03 ]
   distortion_type: 0
   camera_group: 0
   img_width: 1824
   img_height: 1376
   camera_pose_matrix: !!opencv-matrix
      rows: 4
      cols: 4
      dt: d
      data: [ 9.6591648939497199e-01, 1.5716051715162677e-05,
          -2.5885388787479857e-01, -9.9176038740501693e-01,
          -8.9308624783697298e-06, 9.9999999958505870e-01,
          2.7388363506807099e-05, 1.6631564617544962e-05,
          2.5885388819782640e-01, -2.4143083454167316e-05,
          9.6591648913453088e-01, -1.6162253516173572e-01, 0., 0., 0.,
          1. ]
camera_4:
   camera_matrix: !!opencv-matrix
      rows: 3
      cols: 3
      dt: d
      data: [ 1.5795037802671814e+03, 0., 9.1040773261566187e+02, 0.,
          2.1057985393096110e+03, 6.8767509390617033e+02, 0., 0., 1. ]
   distortion_vector: !!opencv-matrix
      rows: 1
      cols: 5
      dt: d
      data: [ 9.2873441002886510e-04, -8.9359700649568347e-03,
          1.9035130872467465e-05, -1.5246291730639406e-04,
          1.8997139831139879e-02 ]
   distortion_type: 0
   camera_group: 0
   img_width: 1824
   img_height: 1376
   camera_pose_matrix: !!opencv-matrix
      rows: 4
      cols: 4
      dt: d
      data: [ 8.6580491467857390e-01, 3.6559315801228809e-05,
          -5.0038170268490434e-01, -1.9338121556392691e+00,
          2.1521501532200391e-06, 9.9999999704958575e-01,
          7.6786696369956998e-05, 2.8054538528484528e-05,
          5.0038170401584003e-01, -6.7559195657141999e-05,
          8.6580491204540944e-01, -5.0972686607203654e-01, 0., 0., 0.,
          1. ]
