%YAML:1.0
---
nb_camera_group: 1
camera_group_0:
   frame_0:
      camera_3:
         nb_pts: 16
         error_list: !!opencv-matrix
            rows: 16
            cols: 1
            dt: f
            data: [ 1.69268046e-02, 4.43883939e-03, 1.45589001e-02,
                3.26803215e-02, 1.74912587e-02, 2.27637049e-02,
                2.16137711e-02, 5.58176525e-02, 1.07612871e-02,
                1.07562235e-02, 1.97416414e-02, 2.88541559e-02,
                2.06028689e-02, 4.00350615e-03, 2.16670725e-02,
                3.24133458e-03 ]
      camera_4:
         nb_pts: 16
         error_list: !!opencv-matrix
            rows: 16
            cols: 1
            dt: f
            data: [ 2.70181764e-02, 2.12946236e-02, 6.00851662e-02,
                1.88356508e-02, 2.15912666e-02, 6.47502169e-02,
                6.66483790e-02, 2.54963362e-03, 4.10142168e-02,
                4.82165366e-02, 6.74509183e-02, 3.78132872e-02,
                9.50895622e-03, 1.76232345e-02, 4.39036265e-02,
                6.90217316e-02 ]
      camera_list: !!opencv-matrix
         rows: 2
         cols: 1
         dt: i
         data: [ 3, 4 ]
   frame_1:
      camera_3:
         nb_pts: 16
         error_list: !!opencv-matrix
            rows: 16
            cols: 1
            dt: f
            data: [ 2.99125202e-02, 6.41050749e-03, 1.67029034e-02,
                1.51792364e-02, 1.20048951e-02, 2.31676456e-02,
                1.13656577e-02, 2.75741145e-02, 8.92371777e-03,
                1.71755422e-02, 8.61547515e-03, 1.94108114e-02,
                8.39455333e-03, 8.09320156e-03, 3.21677998e-02,
                9.55117308e-03 ]
      camera_4:
         nb_pts: 12
         error_list: !!opencv-matrix
            rows: 12
            cols: 1
            dt: f
            data: [ 1.74740776e-02, 2.89913788e-02, 1.24465339e-02,
                2.78644040e-02, 6.17903704e-03, 2.00451948e-02,
                2.38778554e-02, 1.46942697e-02, 8.63534212e-03,
                1.13869831e-02, 6.59186766e-03, 1.07474318e-02 ]
      camera_list: !!opencv-matrix
         rows: 2
         cols: 1
         dt: i
         data: [ 3, 4 ]
   frame_2:
      camera_1:
         nb_pts: 16
         error_list: !!opencv-matrix
            rows: 16
            cols: 1
            dt: f
            data: [ 1.84180606e-02, 1.11065535e-02, 3.24546956e-02,
                1.29827103e-02, 8.41720849e-02, 5.77603504e-02,
                7.48457536e-02, 4.33478542e-02, 1.14591783e-02,
                1.61569174e-02, 3.55327353e-02, 4.21360582e-02,
                2.36095637e-02, 6.05081320e-02, 6.86123129e-03,
                7.18852133e-02 ]
      camera_2:
         nb_pts: 12
         error_list: !!opencv-matrix
            rows: 12
            cols: 1
            dt: f
            data: [ 7.96183646e-02, 2.68375855e-02, 3.79674137e-02,
                6.59121051e-02, 2.95328535e-02, 5.40224649e-02,
                5.74359819e-02, 1.19114369e-02, 9.59514547e-03,
                6.22537695e-02, 6.55540600e-02, 3.09657045e-02 ]
      camera_list: !!opencv-matrix
         rows: 2
         cols: 1
         dt: i
         data: [ 1, 2 ]
   frame_3:
      camera_0:
         nb_pts: 16
         error_list: !!opencv-matrix
            rows: 16
            cols: 1
            dt: f
            data: [ 3.99966612e-02, 3.78882848e-02, 6.93658590e-02,
                7.78607875e-02, 3.22682671e-02, 4.51656841e-02,
                7.21535981e-02, 8.31675380e-02, 3.43980640e-02,
                6.09060228e-02, 4.84249257e-02, 6.94978982e-02,
                5.56129068e-02, 2.32672077e-02, 3.58937569e-02,
                6.99372888e-02 ]
      camera_3:
         nb_pts: 12
         error_list: !!opencv-matrix
            rows: 12
            cols: 1
            dt: f
            data: [ 2.24610213e-02, 2.52024941e-02, 2.96467543e-02,
                1.55467214e-02, 1.00105098e-02, 3.46402861e-02,
                3.80816348e-02, 2.50110868e-02, 3.25552630e-03,
                2.33387463e-02, 1.46450037e-02, 3.62324752e-02 ]
      camera_list: !!opencv-matrix
         rows: 2
         cols: 1
         dt: i
         data: [ 0, 3 ]
   frame_4:
      camera_3:
         nb_pts: 16
         error_list: !!opencv-matrix
            rows: 16
            cols: 1
            dt: f
            data: [ 1.59530770e-02, 1.28298746e-02, 2.87238993e-02,
                1.79426745e-02, 7.54197966e-03, 2.29174625e-02,
                1.39268534e-02, 5.63354492e-02, 2.73973756e-02,
                7.80677563e-03, 4.24363352e-02, 2.01682169e-02,
                1.96160618e-02, 1.36894388e-02, 2.94703282e-02,
                2.89540906e-02 ]
      camera_list: !!opencv-matrix
         rows: 1
         cols: 1
         dt: i
         data: [ 3 ]
   frame_5:
      camera_0:
         nb_pts: 16
         error_list: !!opencv-matrix
            rows: 16
            cols: 1
            dt: f
            data: [ 6.33355556e-03, 2.51515210e-02, 1.63738113e-02,
                1.71007391e-03, 3.19838785e-02, 6.48381840e-03,
                3.37391384e-02, 2.86202822e-02, 3.20025682e-02,
                9.73046664e-03, 2.36564577e-02, 3.39471810e-02,
                1.32681290e-02, 1.99034512e-02, 2.44945716e-02,
                1.12775145e-02 ]
      camera_list: !!opencv-matrix
         rows: 1
         cols: 1
         dt: i
         data: [ 0 ]
   frame_6:
      camera_0:
         nb_pts: 16
         error_list: !!opencv-matrix
            rows: 16
            cols: 1
            dt: f
            data: [ 3.42034400e-02, 5.81055954e-02, 4.01535258e-03,
                2.56176125e-02, 3.96232419e-02, 2.51855645e-02,
                5.27112335e-02, 2.67512295e-02, 1.23955477e-02,
                1.93862300e-02, 1.00493236e-02, 2.29836069e-02,
                4.11694795e-02, 2.58296281e-02, 4.03656214e-02,
                1.54205598e-02 ]
      camera_1:
         nb_pts: 16
         error_list: !!opencv-matrix
            rows: 16
            cols: 1
            dt: f
            data: [ 3.62261534e-02, 3.33410641e-03, 2.16753017e-02,
                4.38519660e-03, 2.51441877e-02, 6.04747534e-02,
                1.97090637e-02, 7.67264366e-02, 6.47595376e-02,
                6.99079558e-02, 5.46783730e-02, 1.57017019e-02,
                1.57704726e-02, 7.60703012e-02, 7.55055174e-02,
                7.91361555e-02 ]
      camera_list: !!opencv-matrix
         rows: 2
         cols: 1
         dt: i
         data: [ 0, 1 ]
   frame_7:
      camera_3:
         nb_pts: 16
         error_list: !!opencv-matrix
            rows: 16
            cols: 1
            dt: f
            data: [ 1.78490002e-02, 1.45089505e-02, 2.28712503e-02,
                2.12882366e-02, 2.08524186e-02, 1.17875310e-02,
                2.94418726e-02, 5.38667664e-03, 1.42894303e-02,
                4.24764771e-03, 1.72456726e-02, 1.84799489e-02,
                4.29962249e-03, 2.12882366e-02, 3.57198194e-02,
                2.12340951e-02 ]
      camera_4:
         nb_pts: 16
         error_list: !!opencv-matrix
            rows: 16
            cols: 1
            dt: f
            data: [ 1.84023771e-02, 3.30001563e-02, 2.26015579e-02,
                4.29146588e-02, 2.78120134e-02, 4.86956500e-02,
                7.36249238e-02, 7.80224353e-02, 4.14012745e-02,
                3.06697860e-02, 4.60960530e-02, 4.91560400e-02,
                1.20026842e-02, 4.90693823e-02, 6.39520288e-02,
                4.96672057e-02 ]
      camera_list: !!opencv-matrix
         rows: 2
         cols: 1
         dt: i
         data: [ 3, 4 ]
   frame_8:
      camera_0:
         nb_pts: 16
         error_list: !!opencv-matrix
            rows: 16
            cols: 1
            dt: f
            data: [ 1.52184526e-02, 2.31156498e-02, 1.55682722e-02,
                3.39006213e-03, 2.22945474e-02, 7.42524746e-04,
                2.55825426e-02, 5.65819256e-03, 6.25126343e-03,
                4.08081077e-02, 1.76362023e-02, 4.83843684e-02,
