%YAML:1.0
---
object_0:
   points: !!opencv-matrix
      rows: 5
      cols: 64
      dt: f
      data: [ 0., 3.70000005e-02, 7.40000010e-02, 1.11000001e-01, 0.,
          3.70000005e-02, 7.40000010e-02, 1.11000001e-01, 0.,
          3.70000005e-02, 7.40000010e-02, 1.11000001e-01, 0.,
          3.70000005e-02, 7.40000010e-02, 1.11000001e-01,
          -3.68205388e-03, 3.33071277e-02, 7.02963099e-02,
          1.07285492e-01, -4.50205710e-03, 3.24871242e-02,
          6.94763064e-02, 1.06465489e-01, -5.32206008e-03,
          3.16671245e-02, 6.86563030e-02, 1.05645485e-01,
          -6.14206260e-03, 3.08471192e-02, 6.78362995e-02,
          1.04825482e-01, 9.88515317e-02, 6.19863570e-02, 2.51211803e-02,
          -1.17439954e-02, 9.62463394e-02, 5.93811646e-02,
          2.25159880e-02, -1.43491887e-02, 9.36411470e-02,
          5.67759722e-02, 1.99107938e-02, -1.69543829e-02,
          9.10359547e-02, 5.41707762e-02, 1.73056014e-02,
          -1.95595752e-02, 6.88931718e-02, 3.20934057e-02,
          -4.70636692e-03, -4.15061377e-02, 6.62154332e-02,
          2.94156652e-02, -7.38410559e-03, -4.41838764e-02,
          6.35376945e-02, 2.67379265e-02, -1.00618443e-02,
          -4.68616150e-02, 6.08599596e-02, 2.40601879e-02,
          -1.27395838e-02, -4.95393537e-02, 0., 0., 0., 0.,
          3.70000005e-02, 3.70000005e-02, 3.70000005e-02, 3.70000005e-02,
          7.40000010e-02, 7.40000010e-02, 7.40000010e-02, 7.40000010e-02,
          1.11000001e-01, 1.11000001e-01, 1.11000001e-01, 1.11000001e-01,
          2.98052639e-01, 2.98945278e-01, 2.99837887e-01, 3.00730526e-01,
          3.30886245e-01, 3.31778884e-01, 3.32671523e-01, 3.33564162e-01,
          3.63719851e-01, 3.64612490e-01, 3.65505129e-01, 3.66397768e-01,
          3.96553487e-01, 3.97446126e-01, 3.98338735e-01, 3.99231374e-01,
          -4.19423789e-01, -4.17571545e-01, -4.15719301e-01,
          -4.13867056e-01, -4.20380712e-01, -4.18528467e-01,
          -4.16676223e-01, -4.14823979e-01, -4.21337634e-01,
          -4.19485390e-01, -4.17633176e-01, -4.15780932e-01,
          -4.22294587e-01, -4.20442343e-01, -4.18590099e-01,
          -4.16737854e-01, -3.29211384e-01, -3.29959780e-01,
          -3.30708146e-01, -3.31456542e-01, -2.98182309e-01,
          -2.98930675e-01, -2.99679071e-01, -3.00427437e-01,
          -2.67153203e-01, -2.67901599e-01, -2.68649995e-01,
          -2.69398361e-01, -2.36124128e-01, -2.36872509e-01,
          -2.37620905e-01, -2.38369286e-01, 0., 0., 0., 0., 0., 0., 0.,
          0., 0., 0., 0., 0., 0., 0., 0., 0., 3.07163578e-02,
          3.07763927e-02, 3.08364276e-02, 3.08964644e-02, 4.77540046e-02,
          4.78140377e-02, 4.78740744e-02, 4.79341112e-02, 6.47916496e-02,
          6.48516864e-02, 6.49117231e-02, 6.49717599e-02, 8.18292946e-02,
          8.18893313e-02, 8.19493681e-02, 8.20094049e-02, 5.96088529e-01,
          5.93533516e-01, 5.90978563e-01, 5.88423550e-01, 6.32984281e-01,
          6.30429327e-01, 6.27874315e-01, 6.25319302e-01, 6.69880092e-01,
          6.67325079e-01, 6.64770067e-01, 6.62215054e-01, 7.06775844e-01,
          7.04220831e-01, 7.01665819e-01, 6.99110866e-01, 9.00692165e-01,
          8.96921635e-01, 8.93151104e-01, 8.89380634e-01, 9.20667827e-01,
          9.16897297e-01, 9.13126767e-01, 9.09356236e-01, 9.40643430e-01,
          9.36872900e-01, 9.33102369e-01, 9.29331839e-01, 9.60619032e-01,
          9.56848562e-01, 9.53078032e-01, 9.49307501e-01, 0., 0., 0., 0.,
          0., 0., 0., 0., 0., 0., 0., 0., 0., 0., 0., 0., 1., 1., 1., 1.,
          1., 1., 1., 1., 1., 1., 1., 1., 1., 1., 1., 1., 2., 2., 2., 2.,
          2., 2., 2., 2., 2., 2., 2., 2., 2., 2., 2., 2., 3., 3., 3., 3.,
          3., 3., 3., 3., 3., 3., 3., 3., 3., 3., 3., 3., 0., 1., 2., 3.,
          4., 5., 6., 7., 8., 9., 10., 11., 12., 13., 14., 15., 0., 1.,
          2., 3., 4., 5., 6., 7., 8., 9., 10., 11., 12., 13., 14., 15.,
          0., 1., 2., 3., 4., 5., 6., 7., 8., 9., 10., 11., 12., 13.,
          14., 15., 0., 1., 2., 3., 4., 5., 6., 7., 8., 9., 10., 11.,
          12., 13., 14., 15. ]
