%YAML:1.0
---
nb_camera: 4
camera_0:
   camera_matrix: !!opencv-matrix
      rows: 3
      cols: 3
      dt: d
      data: [ 3.8749735531642096e+02, 0., 3.1929141077613855e+02, 0.,
          3.8998573466664493e+02, 2.4201214769124488e+02, 0., 0., 1. ]
   distortion_vector: !!opencv-matrix
      rows: 1
      cols: 5
      dt: d
      data: [ -2.4699732711842566e-02, 1.7418940055954463e-01,
          -6.1183151083605758e-03, 4.1628793207433698e-03,
          -2.6138521849151297e-01 ]
   distortion_type: 0
   camera_group: 0
   img_width: 640
   img_height: 480
   camera_pose_matrix: !!opencv-matrix
      rows: 4
      cols: 4
      dt: d
      data: [ 1., 0., 0., 0., 0., 1., 0., 0., 0., 0., 1., 0., 0., 0., 0.,
          1. ]
camera_1:
   camera_matrix: !!opencv-matrix
      rows: 3
      cols: 3
      dt: d
      data: [ 4.2210243277596771e+02, 0., 3.1943833352340880e+02, 0.,
          4.2407251307114603e+02, 2.5070359927576510e+02, 0., 0., 1. ]
   distortion_vector: !!opencv-matrix
      rows: 1
      cols: 5
      dt: d
      data: [ 4.1112869152826637e-02, -3.5080384113110895e-02,
          1.7079724301398349e-03, 4.8173366077762193e-03,
          5.3774070872128328e-02 ]
   distortion_type: 0
   camera_group: 0
   img_width: 640
   img_height: 480
   camera_pose_matrix: !!opencv-matrix
      rows: 4
      cols: 4
      dt: d
      data: [ 9.9975326396043285e-01, 5.1613310065004329e-03,
          -2.1604903672606528e-02, 5.8899519915850060e-02,
          -4.2252758791254032e-03, 9.9905968458998851e-01,
          4.3149665939586808e-02, -1.0301229009184136e-02,
          2.1807297957485490e-02, -4.3047732683545531e-02,
          9.9883498860752740e-01, -3.3809382607178022e-02, 0., 0., 0.,
          1. ]
camera_2:
   camera_matrix: !!opencv-matrix
      rows: 3
      cols: 3
      dt: d
      data: [ 4.0834894889316485e+02, 0., 3.2161514290583938e+02, 0.,
          4.0930511409358650e+02, 2.2736375317604816e+02, 0., 0., 1. ]
   distortion_vector: !!opencv-matrix
      rows: 1
      cols: 5
      dt: d
      data: [ 3.8524937720349262e-02, -9.2789405794005131e-02,
          -6.2229594296104385e-03, 7.0512545026893175e-04,
          6.4937605892429043e-02 ]
   distortion_type: 0
   camera_group: 0
   img_width: 640
   img_height: 480
   camera_pose_matrix: !!opencv-matrix
      rows: 4
      cols: 4
      dt: d
      data: [ -9.9651537675230961e-01, -6.4621148972227385e-02,
          -5.2737188033793375e-02, -3.8477769221750273e-02,
          -7.4013675592331837e-02, 3.9355069485852212e-01,
          9.1631862711705692e-01, 2.7183880992926895e-01,
          -3.8458805513374279e-02, 9.1702887505349817e-01,
          -3.9696216771450710e-01, -3.4793104902071645e-02, 0., 0., 0.,
          1. ]
camera_3:
   camera_matrix: !!opencv-matrix
      rows: 3
      cols: 3
      dt: d
      data: [ 4.1246438551674322e+02, 0., 3.2050697427596657e+02, 0.,
          4.1373486442115126e+02, 2.3168488822183673e+02, 0., 0., 1. ]
   distortion_vector: !!opencv-matrix
      rows: 1
      cols: 5
      dt: d
      data: [ 7.0996305109495032e-03, 5.9866248474038403e-02,
          -2.3698768707896881e-03, -5.8658657798863856e-04,
          -8.9671239419909732e-02 ]
   distortion_type: 0
   camera_group: 0
   img_width: 640
   img_height: 480
   camera_pose_matrix: !!opencv-matrix
      rows: 4
      cols: 4
      dt: d
      data: [ -9.9681492461175270e-01, -6.4360032714535886e-02,
          -4.7093441796598856e-02, -8.9113112894280894e-02,
          -6.8316342638113842e-02, 3.8446408591353365e-01,
          9.2060862692635159e-01, 2.6417882750831223e-01,
          -4.1144664293412340e-02, 9.2089367075230510e-01,
          -3.8763638086295221e-01, -3.5381173795722795e-02, 0., 0., 0.,
          1. ]
