%YAML:1.0
---
object_0:
   points: !!opencv-matrix
      rows: 5
      cols: 64
      dt: f
      data: [ 0., 3.70000005e-02, 7.40000010e-02, 1.11000001e-01, 0.,
          3.70000005e-02, 7.40000010e-02, 1.11000001e-01, 0.,
          3.70000005e-02, 7.40000010e-02, 1.11000001e-01, 0.,
          3.70000005e-02, 7.40000010e-02, 1.11000001e-01,
          -2.78577089e-01, -2.42059737e-01, -2.05542386e-01,
          -1.69025049e-01, -2.81874537e-01, -2.45357201e-01,
          -2.08839849e-01, -1.72322497e-01, -2.85172015e-01,
          -2.48654664e-01, -2.12137312e-01, -1.75619960e-01,
          -2.88469464e-01, -2.51952112e-01, -2.15434775e-01,
          -1.78917423e-01, -1.19643249e-02, -4.84036431e-02,
          -8.48429576e-02, -1.21282279e-01, -1.80514809e-02,
          -5.44907972e-02, -9.09301192e-02, -1.27369434e-01,
          -2.41386369e-02, -6.05779551e-02, -9.70172733e-02,
          -1.33456588e-01, -3.02257929e-02, -6.66651130e-02,
          -1.03104427e-01, -1.39543742e-01, -3.05669308e-01,
          -3.41747999e-01, -3.77826691e-01, -4.13905382e-01,
          -3.11275244e-01, -3.47353935e-01, -3.83432627e-01,
          -4.19511318e-01, -3.16881180e-01, -3.52959871e-01,
          -3.89038563e-01, -4.25117254e-01, -3.22487116e-01,
          -3.58565807e-01, -3.94644499e-01, -4.30723190e-01, 0., 0., 0.,
          0., 3.70000005e-02, 3.70000005e-02, 3.70000005e-02,
          3.70000005e-02, 7.40000010e-02, 7.40000010e-02, 7.40000010e-02,
          7.40000010e-02, 1.11000001e-01, 1.11000001e-01, 1.11000001e-01,
          1.11000001e-01, -2.64529455e-02, -2.33399253e-02,
          -2.02269070e-02, -1.71138868e-02, 1.03824595e-02,
          1.34954797e-02, 1.66084990e-02, 1.97215173e-02, 4.72178645e-02,
          5.03308848e-02, 5.34439050e-02, 5.65569252e-02, 8.40532705e-02,
          8.71662870e-02, 9.02793109e-02, 9.33923274e-02,
          -3.05416077e-01, -3.11741501e-01, -3.18066925e-01,
          -3.24392349e-01, -2.73311079e-01, -2.79636502e-01,
          -2.85961926e-01, -2.92287350e-01, -2.41206050e-01,
          -2.47531474e-01, -2.53856897e-01, -2.60182321e-01,
          -2.09101036e-01, -2.15426460e-01, -2.21751884e-01,
          -2.28077307e-01, -4.08578455e-01, -4.11287367e-01,
          -4.13996249e-01, -4.16705161e-01, -3.74937236e-01,
          -3.77646148e-01, -3.80355060e-01, -3.83063972e-01,
          -3.41296047e-01, -3.44004959e-01, -3.46713871e-01,
          -3.49422783e-01, -3.07654858e-01, -3.10363770e-01,
          -3.13072681e-01, -3.15781593e-01, 0., 0., 0., 0., 0., 0., 0.,
          0., 0., 0., 0., 0., 0., 0., 0., 0., -2.80886032e-02,
          -3.31672393e-02, -3.82458717e-02, -4.33245040e-02,
          -2.92198453e-02, -3.42984796e-02, -3.93771157e-02,
          -4.44557481e-02, -3.03510875e-02, -3.54297236e-02,
          -4.05083559e-02, -4.55869883e-02, -3.14823315e-02,
          -3.65609638e-02, -4.16395999e-02, -4.67182323e-02,
          8.56147289e-01, 8.55067909e-01, 8.53988469e-01, 8.52909029e-01,
          8.73502851e-01, 8.72423410e-01, 8.71343970e-01, 8.70264590e-01,
          8.90858352e-01, 8.89778972e-01, 8.88699532e-01, 8.87620091e-01,
          9.08213913e-01, 9.07134473e-01, 9.06055033e-01, 9.04975653e-01,
          8.08055937e-01, 8.00310612e-01, 7.92565346e-01, 7.84820020e-01,
          8.22403193e-01, 8.14657867e-01, 8.06912541e-01, 7.99167275e-01,
          8.36750448e-01, 8.29005122e-01, 8.21259797e-01, 8.13514531e-01,
          8.51097703e-01, 8.43352377e-01, 8.35607052e-01, 8.27861786e-01,
          0., 0., 0., 0., 0., 0., 0., 0., 0., 0., 0., 0., 0., 0., 0., 0.,
          1., 1., 1., 1., 1., 1., 1., 1., 1., 1., 1., 1., 1., 1., 1., 1.,
          2., 2., 2., 2., 2., 2., 2., 2., 2., 2., 2., 2., 2., 2., 2., 2.,
          3., 3., 3., 3., 3., 3., 3., 3., 3., 3., 3., 3., 3., 3., 3., 3.,
          0., 1., 2., 3., 4., 5., 6., 7., 8., 9., 10., 11., 12., 13.,
          14., 15., 0., 1., 2., 3., 4., 5., 6., 7., 8., 9., 10., 11.,
          12., 13., 14., 15., 0., 1., 2., 3., 4., 5., 6., 7., 8., 9.,
          10., 11., 12., 13., 14., 15., 0., 1., 2., 3., 4., 5., 6., 7.,
          8., 9., 10., 11., 12., 13., 14., 15. ]
