%YAML:1.0
---
nb_camera: 4
camera_0:
   camera_matrix: !!opencv-matrix
      rows: 3
      cols: 3
      dt: d
      data: [ 3.9753463905044077e+02, 0., 3.1980603662148934e+02, 0.,
          3.9813729019011703e+02, 2.3617711110470950e+02, 0., 0., 1. ]
   distortion_vector: !!opencv-matrix
      rows: 1
      cols: 5
      dt: d
      data: [ 1.1446802757522778e-01, -2.6178289999563059e-01,
          1.0920376320717117e-02, 1.5716421154762805e-03,
          4.5984030444921567e-02 ]
   distortion_type: 0
   camera_group: 0
   img_width: 640
   img_height: 480
   camera_pose_matrix: !!opencv-matrix
      rows: 4
      cols: 4
      dt: d
      data: [ 1., 0., 0., 0., 0., 1., 0., 0., 0., 0., 1., 0., 0., 0., 0.,
          1. ]
camera_1:
   camera_matrix: !!opencv-matrix
      rows: 3
      cols: 3
      dt: d
      data: [ 3.9853836605519905e+02, 0., 3.1628227380577800e+02, 0.,
          3.9924134647380424e+02, 2.4751711533610762e+02, 0., 0., 1. ]
   distortion_vector: !!opencv-matrix
      rows: 1
      cols: 5
      dt: d
      data: [ 1.0757763834833439e-01, -2.3333340792896140e-01,
          1.8398847821879945e-02, -2.4048207407660789e-03,
          3.9315750283093663e-02 ]
   distortion_type: 0
   camera_group: 0
   img_width: 640
   img_height: 480
   camera_pose_matrix: !!opencv-matrix
      rows: 4
      cols: 4
      dt: d
      data: [ 9.9992679528841955e-01, 1.0209908335743877e-03,
          -1.2056601592028218e-02, 5.1191846383540685e-02,
          -6.9600707783640540e-04, 9.9963712431832141e-01,
          2.6928335610368535e-02, 7.8533832011538039e-04,
          1.2079720128328386e-02, -2.6917972849284124e-02,
          9.9956465678779693e-01, -1.2324460868969201e-03, 0., 0., 0.,
          1. ]
camera_2:
   camera_matrix: !!opencv-matrix
      rows: 3
      cols: 3
      dt: d
      data: [ 3.8264778575013895e+02, 0., 3.4677882834359826e+02, 0.,
          3.8266002207939948e+02, 2.5637812468133495e+02, 0., 0., 1. ]
   distortion_vector: !!opencv-matrix
      rows: 1
      cols: 5
      dt: d
      data: [ 5.7194204788411415e-03, -1.0016425966609861e-01,
          5.7898821507865947e-03, 1.4171788607567189e-02,
          7.5199262593194554e-03 ]
   distortion_type: 0
   camera_group: 0
   img_width: 640
   img_height: 480
   camera_pose_matrix: !!opencv-matrix
      rows: 4
      cols: 4
      dt: d
      data: [ -9.9903538210252374e-01, 4.1676957250802511e-02,
          -1.3832445249457384e-02, 1.6257170950277476e-02,
          4.1151926368552007e-02, 9.9849372114470891e-01,
          3.6287846322844007e-02, -9.9144931939965084e-02,
          1.5323976749582009e-02, 3.5683610648417421e-02,
          -9.9924564330682486e-01, 7.9147184565071631e-03, 0., 0., 0.,
          1. ]
camera_3:
   camera_matrix: !!opencv-matrix
      rows: 3
      cols: 3
      dt: d
      data: [ 3.8027050482705977e+02, 0., 3.1282141665199720e+02, 0.,
          3.8164731137806223e+02, 2.4459634251645332e+02, 0., 0., 1. ]
   distortion_vector: !!opencv-matrix
      rows: 1
      cols: 5
      dt: d
      data: [ -3.7842495180076700e-02, -1.5962957675229882e-02,
          3.9596364531783506e-03, -1.9745697538704299e-04,
          7.3524626042628910e-04 ]
   distortion_type: 0
   camera_group: 0
   img_width: 640
   img_height: 480
   camera_pose_matrix: !!opencv-matrix
      rows: 4
      cols: 4
      dt: d
      data: [ -9.9874499759736879e-01, 4.5830508200490103e-02,
          2.0198868590012010e-02, -8.0668413150058339e-03,
          4.6194880215974343e-02, 9.9877102480095004e-01,
          1.7957534905769165e-02, -1.0481670226447072e-01,
          -1.9351041730706571e-02, 1.8868082471330903e-02,
          -9.9963469960170537e-01, 4.3673364999852896e-03, 0., 0., 0.,
          1. ]
