%YAML:1.0
---
nb_camera: 4
camera_0:
   camera_matrix: !!opencv-matrix
      rows: 3
      cols: 3
      dt: d
      data: [ 3.8792714894035396e+02, 0., 3.1282915301662365e+02, 0.,
          3.8879401333091192e+02, 2.4232898022488331e+02, 0., 0., 1. ]
   distortion_vector: !!opencv-matrix
      rows: 1
      cols: 5
      dt: d
      data: [ -1.3388056818928165e-03, 4.7078381050655455e-03,
          -2.1449199731407004e-04, -9.5169123478590410e-04,
          -3.5977672516657191e-03 ]
   distortion_type: 0
   camera_group: 0
   img_width: 640
   img_height: 480
   camera_pose_matrix: !!opencv-matrix
      rows: 4
      cols: 4
      dt: d
      data: [ 1., 0., 0., 0., 0., 1., 0., 0., 0., 0., 1., 0., 0., 0., 0.,
          1. ]
camera_1:
   camera_matrix: !!opencv-matrix
      rows: 3
      cols: 3
      dt: d
      data: [ 3.8551638665243348e+02, 0., 3.1671550281113679e+02, 0.,
          3.8699469874865656e+02, 2.4108653012116420e+02, 0., 0., 1. ]
   distortion_vector: !!opencv-matrix
      rows: 1
      cols: 5
      dt: d
      data: [ -9.1279544008091040e-04, 1.6390940487265623e-02,
          8.3857733432165702e-05, 2.2161166452559933e-03,
          -1.9993960213789675e-02 ]
   distortion_type: 0
   camera_group: 0
   img_width: 640
   img_height: 480
   camera_pose_matrix: !!opencv-matrix
      rows: 4
      cols: 4
      dt: d
      data: [ 9.9994834300177105e-01, -2.3413530357993696e-03,
          9.8908742775478155e-03, 4.9252748546016439e-02,
          2.3413713797778447e-03, 9.9999725893898872e-01,
          9.7247669442278612e-06, -1.7166781077540411e-03,
          -9.8908699351705747e-03, 1.3433945362462651e-05,
          9.9995108405934263e-01, 2.4800745726056596e-03, 0., 0., 0., 1. ]
camera_2:
   camera_matrix: !!opencv-matrix
      rows: 3
      cols: 3
      dt: d
      data: [ 3.8599334971262601e+02, 0., 3.2196740423446175e+02, 0.,
          3.7964372658910133e+02, 2.3853261947065712e+02, 0., 0., 1. ]
   distortion_vector: !!opencv-matrix
      rows: 1
      cols: 5
      dt: d
      data: [ 1.1108121078145851e-02, -2.6390069361485531e-02,
          -1.9338443553587269e-03, 6.1587990497901052e-04,
          1.8383056414955485e-02 ]
   distortion_type: 0
   camera_group: 0
   img_width: 640
   img_height: 480
   camera_pose_matrix: !!opencv-matrix
      rows: 4
      cols: 4
      dt: d
      data: [ -9.9903333818118190e-01, 2.1453962883927414e-02,
          3.8368172736520600e-02, 2.3517175488809414e-02,
          4.3950853205992201e-02, 5.0423428160963812e-01,
          8.6244774436024629e-01, -8.0787412917053703e-03,
          -8.4362611964233260e-04, 8.6330036298277257e-01,
          -5.0468977755526567e-01, -8.8397278451713052e-02, 0., 0., 0.,
          1. ]
camera_3:
   camera_matrix: !!opencv-matrix
      rows: 3
      cols: 3
      dt: d
      data: [ 3.8707426336135535e+02, 0., 3.3367593233073853e+02, 0.,
          3.8123071080689868e+02, 2.3739105102660437e+02, 0., 0., 1. ]
   distortion_vector: !!opencv-matrix
      rows: 1
      cols: 5
      dt: d
      data: [ 9.4968275774686903e-04, 6.0219838785114083e-02,
          2.5029833351727752e-03, 9.8806849977529313e-03,
          -8.4956800038186189e-02 ]
   distortion_type: 0
   camera_group: 0
   img_width: 640
   img_height: 480
   camera_pose_matrix: !!opencv-matrix
      rows: 4
      cols: 4
      dt: d
      data: [ -9.9942913344664819e-01, 2.0986671835942671e-02,
          2.6475778049609211e-02, -3.3878894673562213e-02,
          3.3426414446489826e-02, 5.0041995125771077e-01,
          8.6513729962387020e-01, -5.3337547227837829e-03,
          4.9073450391443584e-03, 8.6552841200533737e-01,
          -5.0083578743554846e-01, -9.3571930359722943e-02, 0., 0., 0.,
          1. ]
