%YAML:1.0
---
object_0:
   points: !!opencv-matrix
      rows: 5
      cols: 64
      dt: f
      data: [ 0., 3.70000005e-02, 7.40000010e-02, 1.11000001e-01, 0.,
          3.70000005e-02, 7.40000010e-02, 1.11000001e-01, 0.,
          3.70000005e-02, 7.40000010e-02, 1.11000001e-01, 0.,
          3.70000005e-02, 7.40000010e-02, 1.11000001e-01, 3.36524427e-01,
          3.01229447e-01, 2.65934438e-01, 2.30639443e-01, 3.33385855e-01,
          2.98090845e-01, 2.62795866e-01, 2.27500856e-01, 3.30247253e-01,
          2.94952273e-01, 2.59657264e-01, 2.24362269e-01, 3.27108681e-01,
          2.91813672e-01, 2.56518662e-01, 2.21223682e-01, 3.15997392e-01,
          3.49623293e-01, 3.83249223e-01, 4.16875124e-01, 3.12154800e-01,
          3.45780700e-01, 3.79406631e-01, 4.13032532e-01, 3.08312207e-01,
          3.41938108e-01, 3.75564039e-01, 4.09189939e-01, 3.04469615e-01,
          3.38095516e-01, 3.71721447e-01, 4.05347347e-01, 8.79334584e-02,
          6.69328421e-02, 4.59322147e-02, 2.49315929e-02, 8.36073235e-02,
          6.26066998e-02, 4.16060761e-02, 2.06054524e-02, 7.92811811e-02,
          5.82805574e-02, 3.72799337e-02, 1.62793100e-02, 7.49550387e-02,
          5.39544150e-02, 3.29537913e-02, 1.19531685e-02, 0., 0., 0., 0.,
          3.70000005e-02, 3.70000005e-02, 3.70000005e-02, 3.70000005e-02,
          7.40000010e-02, 7.40000010e-02, 7.40000010e-02, 7.40000010e-02,
          1.11000001e-01, 1.11000001e-01, 1.11000001e-01, 1.11000001e-01,
          -6.86282665e-02, -7.38408118e-02, -7.90533647e-02,
          -8.42659101e-02, -3.26077566e-02, -3.78203057e-02,
          -4.30328511e-02, -4.82454002e-02, 3.41275032e-03,
          -1.79979682e-03, -7.01234397e-03, -1.22248912e-02,
          3.94332595e-02, 3.42207104e-02, 2.90081650e-02, 2.37956177e-02,
          -1.22017954e-02, -7.78206764e-03, -3.36233992e-03,
          1.05738803e-03, 2.45298836e-02, 2.89496109e-02, 3.33693400e-02,
          3.77890654e-02, 6.12615608e-02, 6.56812936e-02, 7.01010153e-02,
          7.45207444e-02, 9.79932398e-02, 1.02412969e-01, 1.06832698e-01,
          1.11252427e-01, -1.02819704e-01, -1.01102747e-01,
          -9.93857831e-02, -9.76688266e-02, -6.64210320e-02,
          -6.47040755e-02, -6.29871115e-02, -6.12701550e-02,
          -3.00223585e-02, -2.83054002e-02, -2.65884399e-02,
          -2.48714797e-02, 6.37631398e-03, 8.09327327e-03,
          9.81023349e-03, 1.15271928e-02, 0., 0., 0., 0., 0., 0., 0., 0.,
          0., 0., 0., 0., 0., 0., 0., 0., 1.06666780e+00, 1.07647049e+00,
          1.08627319e+00, 1.09607577e+00, 1.07452095e+00, 1.08432364e+00,
          1.09412634e+00, 1.10392904e+00, 1.08237410e+00, 1.09217680e+00,
          1.10197949e+00, 1.11178219e+00, 1.09022725e+00, 1.10002995e+00,
          1.10983264e+00, 1.11963534e+00, 4.46214788e-02, 5.94121441e-02,
          7.42028058e-02, 8.89934748e-02, 4.23813350e-02, 5.71720004e-02,
          7.19626620e-02, 8.67533311e-02, 4.01411913e-02, 5.49318567e-02,
          6.97225183e-02, 8.45131874e-02, 3.79010476e-02, 5.26917130e-02,
          6.74823746e-02, 8.22730437e-02, 1.03854024e+00, 1.00812590e+00,
          9.77711737e-01, 9.47297454e-01, 1.04358208e+00, 1.01316786e+00,
          9.82753634e-01, 9.52339411e-01, 1.04862404e+00, 1.01820982e+00,
          9.87795591e-01, 9.57381368e-01, 1.05366600e+00, 1.02325177e+00,
          9.92837548e-01, 9.62423265e-01, 0., 0., 0., 0., 0., 0., 0., 0.,
          0., 0., 0., 0., 0., 0., 0., 0., 1., 1., 1., 1., 1., 1., 1., 1.,
          1., 1., 1., 1., 1., 1., 1., 1., 2., 2., 2., 2., 2., 2., 2., 2.,
          2., 2., 2., 2., 2., 2., 2., 2., 3., 3., 3., 3., 3., 3., 3., 3.,
          3., 3., 3., 3., 3., 3., 3., 3., 0., 1., 2., 3., 4., 5., 6., 7.,
          8., 9., 10., 11., 12., 13., 14., 15., 0., 1., 2., 3., 4., 5.,
          6., 7., 8., 9., 10., 11., 12., 13., 14., 15., 0., 1., 2., 3.,
          4., 5., 6., 7., 8., 9., 10., 11., 12., 13., 14., 15., 0., 1.,
          2., 3., 4., 5., 6., 7., 8., 9., 10., 11., 12., 13., 14., 15. ]
