%YAML:1.0
---
object_0:
   poses: !!opencv-matrix
      rows: 6
      cols: 198
      dt: d
      data: [ -9.2783996011099060e-02, -4.1551945259132922e-01,
          3.2851254200683973e-02, 1.9648823653806208e-01,
          -3.5437806319284011e-02, -1.3128027570992415e-01,
          5.3158666397275722e-01, 2.3782346896608847e-01,
          4.4012354867025322e-01, 3.8230261528605369e-01,
          -1.8794135506849788e-01, 9.9262197454310003e-02,
          6.7618457885485805e-01, 3.8538004050242236e-01,
          2.3571307052713661e-01, -1.3281408585317514e-01,
          1.5681925288819670e-01, 3.2753432614286515e-01,
          1.9896448201020706e-01, 6.2099607190202633e-01,
          2.9045085360734141e-01, -2.9097183136754068e-01,
          -1.7409251450253041e-01, -3.4006674759546890e-01,
          -6.5791059435391444e-02, -1.7634243877517575e-01,
          1.6681828582562822e-01, -2.9352360988508625e-01,
          -3.9424582282253345e-01, 8.5092853663508300e-02,
          2.9036636407027910e-01, 1.6428275905405489e-02,
          7.4142341916153209e-01, -3.1027910930866076e-01,
          8.9234493812747603e-02, -4.1871920583683414e-01,
          5.3423984392323642e-01, -5.5954409578327768e-01,
          5.6964824977141837e-01, 3.7768879901399760e-01,
          3.5093448961632204e-02, -1.8338616193501836e-01,
          -1.5398315375675736e-01, 2.1082616508849152e-02,
          -2.9794978049071358e-01, 3.3789802542757691e-01,
          2.8109132306437790e-01, 1.6879572041949714e-01,
          2.0758604897380764e-01, 2.9142979310516220e-01,
          -3.1165193627656507e-01, -3.2657381764817839e-01,
          -2.9481915531088027e-01, 3.2476404389295876e-01,
          -2.7881662828889750e-02, 6.9392146558052994e-02,
          -6.5005585048821979e-02, 1.9396428646367347e-01,
          -1.2519105532293459e-01, -4.0265252744817442e-01,
          -1.1559146849314386e-01, 4.9903574830978675e-01,
          -1.8154787487794619e-01, 3.0219753614222217e-01,
          3.7553592675864367e-01, 3.6693523975656206e-01,
          -2.1385414568990149e-01, 3.5987853742446500e-02,
          6.6079737058234445e-01, -1.2571728169315866e-02,
          3.5978017636210405e-02, -3.0295995959580446e-01,
          4.7703501443340568e-01, 2.4467492793478533e-02,
          4.5965588819517689e-01, 4.8564329907954323e-01,
          1.5611974124853256e-01, 6.3147882907387987e-02,
          -5.2788082913844925e-01, -1.9405891772208966e-01,
          -7.7858989417184986e-03, -7.3575701956297729e-02,
          -3.7996756196209047e-01, 3.1921525380759369e-01,
          1.6075728152431282e-01, 9.1043104471449660e-03,
          6.8142217395626714e-01, -3.3828330545936908e-01,
          9.0796106341291608e-02, -6.6037286212032725e-02,
          -1.8150041316554072e-01, 2.3362607797093674e-01,
          -4.6940984951996012e-01, 9.8214267400492827e-02,
          -5.3963088950346752e-02, -2.9733497994223601e-01,
          3.3894651313632507e-01, -2.4035101812874146e-01,
          7.3101582640575480e-02, -9.2750005937254021e-02,
          -4.1549884507835627e-01, 3.2907461766424159e-02,
          1.9671111403154284e-01, -3.5524918781235655e-02,
          -1.3124903058883278e-01, 5.3147023494360002e-01,
          2.3770373554606283e-01, 4.4022344655626694e-01,
          3.8242713063179079e-01, -1.8782866598900969e-01,
          9.9521123645473539e-02, 6.7634254816992900e-01,
          3.8574120238162068e-01, 2.3570476931693760e-01,
          -1.3270632781797451e-01, 1.5682999984609969e-01,
          3.2757832871296583e-01, 1.9898939714398783e-01,
          6.2127523647790239e-01, 2.9048967027952660e-01,
          -2.9097080970240158e-01, -1.7400915684327486e-01,
          -3.3989070346199368e-01, -6.5683702086504245e-02,
          -1.7631200746975412e-01, 1.6665791990090861e-01,
          -2.9351697609103666e-01, -3.9426233742925226e-01,
          8.5091156977012430e-02, 2.9023963124628072e-01,
          1.6555018056604340e-02, 7.4154017450702370e-01,
          -3.1033179875204758e-01, 8.9219102953290358e-02,
          -4.1877373338321677e-01, 5.3417260689091250e-01,
          -5.5962130266025001e-01, 5.6964525814860700e-01,
          3.7762758041869710e-01, 3.5257484779402284e-02,
          -1.8347269979535744e-01, -1.5403193172658403e-01,
          2.1117036044931502e-02, -2.9781383815574375e-01,
          3.3794996070165317e-01, 2.8095651619623319e-01,
          1.6871797890366033e-01, 2.0764568527304711e-01,
          2.9146945784639633e-01, -3.1175648232442438e-01,
          -3.2675619075200146e-01, -2.9481129846804616e-01,
          3.2475289054912759e-01, -2.7709740918559461e-02,
          6.9447983625486376e-02, -6.5027920871229092e-02,
          1.9399999963654416e-01, -1.2516778993392833e-01,
          -4.0261827726361765e-01, -1.1544183114639726e-01,
          4.9787470965218944e-01, -1.8156495401190700e-01,
          3.0203338093979321e-01, 3.7545958361949733e-01,
          3.6699966373120424e-01, -2.1371832405734192e-01,
          3.5989989042868265e-02, 6.6065595399769739e-01,
          -1.2581202765103140e-02, 3.5987561029414875e-02,
          -3.0299361465826224e-01, 4.7705834724448704e-01,
          2.4561376356745056e-02, 4.5908757253335380e-01,
          4.8617973821067473e-01, 1.5605239281825958e-01,
          6.3232752294106243e-02, -5.2787560522943688e-01,
          -1.9397374254162456e-01, -8.0215753688591390e-03,
          -7.3449095433079939e-02, -3.8009080461672790e-01,
          3.1928934119768299e-01, 1.6085863298890046e-01,
          9.1305621540951638e-03, 6.8128621278441892e-01,
          -3.3826547679894359e-01, 9.0746322926192516e-02,
          -6.5903850558629892e-02, -1.8138315556365303e-01,
          2.3351907980271538e-01, -4.6947254740062039e-01,
          9.8179147832412342e-02, -5.3944934863110118e-02,
          -2.9731512648196606e-01, 3.3897738860090509e-01,
          -2.4034456203570870e-01, 7.3069243984493520e-02,
          -1.4050210877046861e-02, -2.9912700804121628e-01,
          2.0240619269857291e-01, -2.5075588778766855e-01,
          -4.1490543839452226e-01, -2.8135258980387712e-01,
          -2.1238489758663778e-01, -6.0303448136985238e-01,
          2.0818065066141322e-02, 4.5452762737556537e-02,
          2.4075209622330694e-02, -4.5951839987702315e-03,
          -1.3409141585548970e-01, -2.4068551579222769e-01,
          -3.7751435862813509e-01, -2.0891609473818748e-01,
          -3.2459628440802257e-01, 2.0222780030106657e-01,
          -2.8029280202947071e-01, -1.6214053969948758e-01,
          9.7663856307906749e-02, -1.5557208377683564e-03,
          -2.0301095294446220e-01, 2.8654194676570227e-01,
          6.8482807480257785e-02, -4.1917660343147234e-01,
          -1.5208114263346717e-01, 3.8703653336692478e-01,
          1.5600635582840375e-01, 2.3681697893281833e-01,
          -3.4145006919586024e-01, -1.5616399336997119e-01,
          -2.3263079496556627e-01, 5.9831281604375730e-01,
          5.3068622642689212e-01, 4.1664550025055686e-01,
          -5.0624447209188439e-01, 3.0379858071986976e-01,
          3.9327304860075740e-02, -1.0145122019667310e-01,
          -2.6548973477650473e-01, -1.5059526144884908e-02,
          1.7469521040128777e-01, 3.5186298385891818e-01,
          -1.4496116991751298e-01, -4.9147321187658577e-02,
          1.4402554391873831e-01, -1.8863449744951877e-01,
          1.8149304856643717e-01, 4.8209302576941532e-02,
          2.8558033584311338e-01, 5.6624872356109968e-02,
          2.2054157913717529e-01, -4.6310933444489871e-01,
          -8.0790912607972207e-02, -1.8522579443515150e-01,
          1.5327889435148570e-01, 2.2354873557044999e-01,
          1.6078696342024718e-01, -6.7728564076631706e-02,
          -1.8837493659355686e-01, -5.4419504717330414e-01,
          -1.9967910913009815e-01, -1.1978195233644005e-01,
          -5.6806234459578608e-02, 1.3354075119471906e-01,
          2.8135434940170406e-01, -2.9728718766603573e-01,
          -1.9227882113213077e-01, 5.1002313999916715e-01,
