%YAML:1.0
---
object_0:
   points: !!opencv-matrix
      rows: 3
      cols: 48
      dt: f
      data: [ 0., 0., 0., 0., 1.92000002e-01, 1.92000002e-01,
          1.92000002e-01, 1.92000002e-01, 3.84000003e-01, 3.84000003e-01,
          3.84000003e-01, 3.84000003e-01, 5.75999975e-01, 5.75999975e-01,
          5.75999975e-01, 5.75999975e-01, 5.76006651e-01, 5.76006472e-01,
          5.76006293e-01, 5.76006174e-01, 3.84006649e-01, 3.84006470e-01,
          3.84006321e-01, 3.84006143e-01, 1.92006633e-01, 1.92006469e-01,
          1.92006320e-01, 1.92006156e-01, 6.66435926e-06, 6.50358970e-06,
          6.34282014e-06, 6.18205058e-06, 5.74480712e-01, 5.75487971e-01,
          5.76495290e-01, 5.77502608e-01, 3.82483333e-01, 3.83490652e-01,
          3.84497941e-01, 3.85505229e-01, 1.90485984e-01, 1.91493273e-01,
          1.92500576e-01, 1.93507880e-01, -1.51135190e-03,
          -5.04050171e-04, 5.03251504e-04, 1.51055306e-03, 0.,
          1.92000002e-01, 3.84000003e-01, 5.75999975e-01, 0.,
          1.92000002e-01, 3.84000003e-01, 5.75999975e-01, 0.,
          1.92000002e-01, 3.84000003e-01, 5.75999975e-01, 0.,
          1.92000002e-01, 3.84000003e-01, 5.75999975e-01, 1.85663676e+00,
          1.69086599e+00, 1.52509522e+00, 1.35932446e+00, 1.85663700e+00,
          1.69086623e+00, 1.52509546e+00, 1.35932469e+00, 1.85663712e+00,
          1.69086635e+00, 1.52509558e+00, 1.35932493e+00, 1.85663736e+00,
          1.69086659e+00, 1.52509582e+00, 1.35932517e+00,
          -5.67989528e-01, -7.03276992e-01, -8.38564515e-01,
          -9.73851919e-01, -5.68700731e-01, -7.03988194e-01,
          -8.39275718e-01, -9.74563122e-01, -5.69411933e-01,
          -7.04699397e-01, -8.39986920e-01, -9.75274324e-01,
          -5.70123136e-01, -7.05410600e-01, -8.40698123e-01,
          -9.75985527e-01, 0., 0., 0., 0., 0., 0., 0., 0., 0., 0., 0.,
          0., 0., 0., 0., 0., -4.55290705e-01, -3.58419359e-01,
          -2.61548012e-01, -1.64676696e-01, -4.55290675e-01,
          -3.58419329e-01, -2.61547983e-01, -1.64676651e-01,
          -4.55290645e-01, -3.58419299e-01, -2.61547953e-01,
          -1.64676622e-01, -4.55290616e-01, -3.58419269e-01,
          -2.61547923e-01, -1.64676592e-01, -2.04600245e-01,
          -3.40836376e-01, -4.77072507e-01, -6.13308609e-01,
          -2.05313578e-01, -3.41549724e-01, -4.77785856e-01,
          -6.14021957e-01, -2.06026912e-01, -3.42263043e-01,
          -4.78499174e-01, -6.14735305e-01, -2.06740260e-01,
          -3.42976391e-01, -4.79212523e-01, -6.15448654e-01 ]
