%YAML:1.0
---
nb_camera: 2
camera_0:
   camera_matrix: !!opencv-matrix
      rows: 3
      cols: 3
      dt: d
      data: [ 1.6348164868855499e+03, 0., 9.1117191197237298e+02, 0.,
          2.1797258195105692e+03, 6.8772537571018302e+02, 0., 0., 0. ]
   distortion_vector: !!opencv-matrix
      rows: 1
      cols: 5
      dt: d
      data: [ -8.2413390559339832e-05, 2.6430372063475572e-04,
          1.5240449751788974e-05, -5.3479257531204689e-05,
          -2.1408055040740356e-04 ]
   disto_type: 0
   camera_group: 0
   img_width: 1824
   img_height: 1376
   camera_pose_matrix: !!opencv-matrix
      rows: 4
      cols: 4
      dt: d
      data: [ 1., 0., 0., 0., 0., 1., 0., 0., 0., 0., 1., 0., 0., 0., 0.,
          1. ]
camera_1:
   camera_matrix: !!opencv-matrix
      rows: 3
      cols: 3
      dt: d
      data: [ 1.5797119242715630e+03, 0., 9.1146268873796316e+02, 0.,
          2.1062303307261905e+03, 6.8745211552066519e+02, 0., 0., 0. ]
   distortion_vector: !!opencv-matrix
      rows: 1
      cols: 5
      dt: d
      data: [ -2.3376656904184842e-04, 1.8396383106666135e-03,
          -2.2113940651824428e-05, 3.2786366647722300e-06,
          -4.4069284216016321e-03 ]
   disto_type: 0
   camera_group: 0
   img_width: 1824
   img_height: 1376
   camera_pose_matrix: !!opencv-matrix
      rows: 4
      cols: 4
      dt: d
      data: [ 9.9999998686170166e-01, 3.3692540970640170e-06,
          -1.6206555660024986e-04, -7.0003444922756664e-01,
          -3.3489740016554922e-06, 9.9999999216497748e-01,
          1.2513524427845753e-04, 1.2172046759025145e-05,
          1.6206597694289694e-04, -1.2513469988105786e-04,
          9.9999997903796278e-01, 1.8283992927324873e-04, 0., 0., 0., 1. ]
