%YAML:1.0
---
object_0:
   poses: !!opencv-matrix
      rows: 6
      cols: 171
      dt: d
      data: [ -2.5439389355576401e+00, 2.3348807930050928e+00,
          1.9346685420812815e+00, -2.9997678723199512e+00,
          -2.2398632402200045e+00, -2.4208591653842717e+00,
          3.0740261986918638e+00, 2.9438178177689660e+00,
          -2.1407714751363032e+00, -1.9864360813060766e+00,
          2.7093266706961070e+00, 2.6951677585001641e+00,
          -2.0122240027621738e+00, -2.6416139244696115e+00,
          -2.4632645747619217e+00, 2.3807421950692516e+00,
          2.3053718109711512e+00, -2.5011468568075674e+00,
          2.4602398109334724e+00, 2.2831121864793427e+00,
          2.4501855431772679e+00, 2.2267777560825355e+00,
          2.7454920436068053e+00, 3.0301839323903450e+00,
          -2.2846775155183763e+00, 2.1889290818263900e+00,
          -2.5743060250624077e+00, -2.5124083510693560e+00,
          -2.7137917053107037e+00, 2.6138041729294645e+00,
          -2.3815207274606305e+00, -2.5801578164360905e+00,
          -2.2390400404987134e+00, 2.1516624522821854e+00,
          -2.3369271754777237e+00, 2.0666753027996974e+00,
          -1.8511859346499124e+00, -2.5255133162168049e+00,
          -2.9528407616386909e+00, 2.2101098566718700e+00,
          2.7607462583938993e+00, 2.1623809156448091e+00,
          2.4461096502495225e+00, -2.5995545485805911e+00,
          -3.0587948813197046e+00, 2.8270976745956613e+00,
          -2.2688605211003257e+00, 1.6417248979732852e+00,
          2.5138812385809701e+00, -2.5066665766837049e+00,
          -1.7184285001821162e+00, -2.0247468977529857e+00,
          -1.8479877585211824e+00, 2.3808497440897871e+00,
          -2.9324671353875513e+00, 2.5468915434567254e+00,
          2.6470909364611535e+00, 2.6318229976803855e+00,
          -2.9206447142803773e+00, -2.3449034686264687e+00,
          1.9900624099436204e+00, 2.2211478960303346e+00,
          2.7632603242687401e+00, -2.3142358320371690e+00,
          2.7789592704831461e+00, 7.0949493016003840e-01,
          3.0476105105133193e+00, -2.7433757483348793e+00,
          2.1409591482233621e+00, -2.1070108133902119e+00,
          -2.8208234715268743e+00, 2.4201933802678877e+00,
          -1.8506398758541560e+00, 2.8379770742947641e+00,
          -2.0168750459794413e+00, -2.8589265411792248e+00,
          -2.0428195664544315e+00, -2.9401779774841250e+00,
          -2.8299589751471101e+00, 2.7824447212720398e+00,
          2.3345938938749873e+00, -2.4144462543080807e+00,
          -1.6441609971971576e+00, -1.8960000724219725e+00,
          2.4040647061565852e+00, -2.7042054226451424e+00,
          -2.4042068678236159e+00, -2.3483951995060584e+00,
          2.2420054598515575e+00, 2.9761627984932839e+00,
          -2.5428566015099294e+00, 2.3345604502490325e+00,
          1.9338799154273716e+00, -3.0006821100817191e+00,
          -2.2404171078565627e+00, -2.4211156059105412e+00,
          3.0744067611601400e+00, 2.9432740001415856e+00,
          -2.1409162260425432e+00, -1.9858962172363903e+00,
          2.6961035308904990e+00, -2.0117006296337747e+00,
          -2.6421552279072151e+00, -2.4637315663693737e+00,
          2.3809536534936555e+00, -2.4855039475476786e+00,
          -2.4994539705379597e+00, 2.4615480343469978e+00,
          2.2857096015400233e+00, 2.4509030210865617e+00,
          2.7462340471667970e+00, 3.0308933294857914e+00,
          -2.2851237954404513e+00, 2.1889164166637705e+00,
          -2.5741753663033493e+00, -2.5131476020288313e+00,
          -2.7146562435191051e+00, 2.6145712590824610e+00,
          -2.3818064890499571e+00, -2.5810914848671040e+00,
          -2.2401254427050512e+00, 2.1520039877701089e+00,
          -2.3369302624420922e+00, 2.0662875134171186e+00,
          -2.2270933298964515e+00, -2.5256212246436798e+00,
          -2.9526517773330618e+00, 2.2105510608461438e+00,
          2.7615031648033774e+00, 2.1623630065603403e+00,
          2.4474786594117268e+00, -2.6009627568951159e+00,
          -3.0585204267901336e+00, 2.8281614416569258e+00,
          -2.2674842395017092e+00, 2.5152211169308947e+00,
          -2.5075647266111867e+00, -1.7168398387585573e+00,
          -2.0262509336979093e+00, 2.3824966182539815e+00,
          2.5475100553707901e+00, 2.6471615342632742e+00,
          2.6315923108802903e+00, -2.9206794871692812e+00,
          1.9887941278831571e+00, 2.2208501605861239e+00,
          2.7642277714737316e+00, -2.3157972549698775e+00,
          2.7798500312382619e+00, -2.7430827122468742e+00,
          2.1400019967349793e+00, -2.1069229557097349e+00,
          -2.8216493171840011e+00, -1.8498396574869747e+00,
          2.2703381009376682e+00, 2.8384707432412872e+00,
          -2.0154688764475348e+00, -2.8590025823167777e+00,
          -2.0429464069881687e+00, 2.8230583558740134e+00,
          2.7816820807178262e+00, 2.3340052016233752e+00,
          -2.4141331883555512e+00, -1.6431943917135925e+00,
          -1.8942191873339862e+00, 2.4035446310543636e+00,
          -2.7065980019341427e+00, -2.4036950781036213e+00,
          -2.3479062745836248e+00, 2.2429496274320955e+00,
          2.9768560381038287e+00, -2.0837934055378629e-01,
          -3.3697326049404358e-01, -6.2101930484325196e-01,
          7.7547580328836468e-03, 7.3861334020830283e-02,
          2.5524824447653527e-01, -2.0258846806425154e-03,
          -5.4992685470096996e-03, 4.6965208449496637e-01,
          -5.7473373717247656e-01, 1.1555497838912057e-01,
          7.9120733682674721e-02, -4.6247245012746951e-01,
          3.6174304503487180e-02, 2.4860749491948228e-01,
          -1.6007847130760627e-01, -4.1128411656996811e-01,
          -2.1933554337288003e-01, 1.7554902579340848e-01,
          6.3586689764155088e-02, -3.7156287322671053e-02,
          4.1455913302090808e-01, 3.9339270637526791e-02,
          1.4470576218868096e-02, 3.6067367239531545e-01,
          -4.3673121150191663e-01, 1.7192281177310673e-01,
          1.1513918314186609e-01, 1.2981015837345619e-01,
          1.8605668305911552e-02, 2.4950305198459610e-01,
          1.7995090544516670e-01, 3.9344606554579387e-01,
          -2.3046099585003151e-02, 3.0333110072620106e-01,
          -4.6162760979981121e-01, 6.2782154090038766e-01,
          5.3339786331654808e-02, -3.4409472446974593e-02,
          3.0270656714474253e-01, 6.1874423988578287e-02,
          -4.4956208210806375e-01, 2.4190598268543193e-01,
          1.3257798981530997e-01, -9.9890549258579882e-03,
          -2.5695423080107312e-02, -3.5575888701085423e-01,
          -8.3167422711818029e-01, 1.0612534534853807e-01,
          2.3593860889584001e-01, -2.4926763271689401e-01,
          5.1597204225310700e-01, -6.7846461677779257e-01,
          2.5432359002264548e-01, 2.4790969136837551e-02,
          -1.0438154522016611e-01, -1.5351568820793149e-01,
          -1.1283317885811318e-01, 1.4867041085558773e-02,
          1.7273881931260635e-01, -5.5869471596913067e-01,
          -2.9556765372962279e-01, 3.0164713192977834e-02,
          3.5158744491638283e-01, 9.3198754913800974e-02,
          1.7362570453568085e+00, -1.3059542299075294e-02,
          -8.4921946862106315e-02, -3.9936444702937085e-01,
          3.7731958468983395e-01, 3.6148816820525127e-02,
          6.3133369760135824e-02, -4.5970766884254893e-01,
          7.9008374944530071e-02, -5.6144759553414936e-01,
          -2.5693480901738425e-02, 5.4412419476142437e-01,
          -3.0512877436780744e-02, 2.0582915209744995e-03,
          -1.7419636763163205e-02, -3.3949262454045465e-01,
          2.3339422470286775e-01, -8.4044217108922159e-01,
          -6.3947003347521780e-01, -2.6618113981269381e-01,
          1.2034366713750246e-01, 1.4407103579089725e-01,
          -3.0492675542165371e-01, -3.9382190558096664e-01,
          -2.1975473675108919e-02, -2.0774181850159865e-01,
          -3.3645150038497057e-01, -6.2123472295441007e-01,
          8.1229596164573807e-03, 7.4939351427397938e-02,
