%YAML:1.0
---
nb_camera: 2
camera_0:
   camera_matrix: !!opencv-matrix
      rows: 3
      cols: 3
      dt: d
      data: [ 1.6351310854405378e+03, 0., 9.1105283407414754e+02, 0.,
          1.6344075768770663e+03, 6.8586115853277454e+02, 0., 0., 0. ]
   distortion_vector: !!opencv-matrix
      rows: 1
      cols: 5
      dt: d
      data: [ 6.5580879150914416e-04, 2.6457840192177966e-03,
          -2.4764658348204552e-04, -1.4017354816385632e-04,
          -1.2972514519088730e-02 ]
   distortion_type: 0
   camera_group: 0
   img_width: 1824
   img_height: 1376
   camera_pose_matrix: !!opencv-matrix
      rows: 4
      cols: 4
      dt: d
      data: [ 1., 0., 0., 0., 0., 1., 0., 0., 0., 0., 1., 0., 0., 0., 0.,
          1. ]
camera_1:
   camera_matrix: !!opencv-matrix
      rows: 3
      cols: 3
      dt: d
      data: [ 1.6352223599771471e+03, 0., 9.1153005502345377e+02, 0.,
          1.6345909393485044e+03, 6.8598808283545827e+02, 0., 0., 0. ]
   distortion_vector: !!opencv-matrix
      rows: 1
      cols: 5
      dt: d
      data: [ 1.2355991977452397e-03, -1.7814765813787708e-03,
          -1.4723350308549287e-04, 4.1412345549702800e-05,
          -1.8186984022143012e-03 ]
   distortion_type: 0
   camera_group: 0
   img_width: 1824
   img_height: 1376
   camera_pose_matrix: !!opencv-matrix
      rows: 4
      cols: 4
      dt: d
      data: [ 9.9999995725185375e-01, -5.6148031421644141e-05,
          2.8695590147853823e-04, 7.0137266860920300e-01,
          5.6124858693109050e-05, 9.9999999516382754e-01,
          8.0761037217371757e-05, 4.9232701878766545e-05,
          -2.8696043466402293e-04, -8.0744928405573731e-05,
          9.9999995556698162e-01, -6.0311471203869230e-04, 0., 0., 0.,
          1. ]
