%YAML:1.0
---
object_0:
   points: !!opencv-matrix
      rows: 3
      cols: 48
      dt: f
      data: [ 0., 1.92000002e-01, 3.84000003e-01, 5.75999975e-01,
          7.68000007e-01, 9.60000038e-01, 0., 1.92000002e-01,
          3.84000003e-01, 5.75999975e-01, 7.68000007e-01, 9.60000038e-01,
          0., 1.92000002e-01, 3.84000003e-01, 5.75999975e-01,
          7.68000007e-01, 9.60000038e-01, 0., 1.92000002e-01,
          3.84000003e-01, 5.75999975e-01, 7.68000007e-01, 9.60000038e-01,
          -1.65485609e+00, -1.48437893e+00, -1.31390190e+00,
          -1.14342475e+00, -9.72947598e-01, -8.02470505e-01,
          -1.65636349e+00, -1.48588634e+00, -1.31540930e+00,
          -1.14493215e+00, -9.74454999e-01, -8.03977847e-01,
          -1.65787089e+00, -1.48739374e+00, -1.31691670e+00,
          -1.14643955e+00, -9.75962400e-01, -8.05485249e-01,
          -1.65937829e+00, -1.48890114e+00, -1.31842411e+00,
          -1.14794695e+00, -9.77469802e-01, -8.06992650e-01, 0., 0., 0.,
          0., 0., 0., 1.92000002e-01, 1.92000002e-01, 1.92000002e-01,
          1.92000002e-01, 1.92000002e-01, 1.92000002e-01, 3.84000003e-01,
          3.84000003e-01, 3.84000003e-01, 3.84000003e-01, 3.84000003e-01,
          3.84000003e-01, 5.75999975e-01, 5.75999975e-01, 5.75999975e-01,
          5.75999975e-01, 5.75999975e-01, 5.75999975e-01,
          -4.39570192e-03, -2.70157028e-03, -1.00743875e-03,
          6.86692598e-04, 2.38082442e-03, 4.07495629e-03, 1.87596828e-01,
          1.89290956e-01, 1.90985084e-01, 1.92679226e-01, 1.94373354e-01,
          1.96067482e-01, 3.79589349e-01, 3.81283492e-01, 3.82977605e-01,
          3.84671748e-01, 3.86365891e-01, 3.88060004e-01, 5.71581841e-01,
          5.73275983e-01, 5.74970126e-01, 5.76664269e-01, 5.78358352e-01,
          5.80052495e-01, 0., 0., 0., 0., 0., 0., 0., 0., 0., 0., 0., 0.,
          0., 0., 0., 0., 0., 0., 0., 0., 0., 0., 0., 0., 4.16991591e-01,
          3.28681439e-01, 2.40371302e-01, 1.52061164e-01, 6.37510121e-02,
          -2.45591439e-02, 4.17764813e-01, 3.29454690e-01,
          2.41144538e-01, 1.52834401e-01, 6.45242408e-02,
          -2.37859134e-02, 4.18538064e-01, 3.30227911e-01,
          2.41917759e-01, 1.53607637e-01, 6.52974769e-02,
          -2.30126828e-02, 4.19311285e-01, 3.31001133e-01,
          2.42690995e-01, 1.54380858e-01, 6.60707057e-02,
          -2.22394522e-02 ]
