%YAML:1.0
---
object_0:
   poses: !!opencv-matrix
      rows: 6
      cols: 137
      dt: d
      data: [ 4.9341890218563035e-02, -1.8842406152987404e-01,
          -4.2919847775696734e-01, 1.6999669771954648e-01,
          5.6289263707300398e-02, -2.6653873219841356e-01,
          3.6718866630222452e-01, -9.7898305825849241e-02,
          1.7209796983998540e-01, -1.9783688258928139e-01,
          2.7928925380537806e-01, -7.0924521035574131e-02,
          5.2464976004578424e-03, 2.8556087232943516e-02,
          -1.8065659682291133e-01, -3.2945145959237082e-01,
          -1.3893923044698470e-01, -1.8506208472150659e-01,
          -4.5056738766874646e-02, 4.8310609869622867e-01,
          1.3416943999742492e-01, 1.3730850773435646e-01,
          -1.2368843394137623e-01, 2.4202831971580821e-01,
          1.2259043552914239e-01, -7.2223211309161789e-02,
          2.2362669796813697e-01, -1.7100013476401080e-01,
          -1.4495214000162082e-01, -4.5441624259563058e-02,
          -2.3274765489531329e-01, -2.2289589372581897e-01,
          -6.7402252509912675e-01, -3.5429876083763051e-01,
          -5.0371070395167827e-01, -6.1369119595780161e-02,
          -3.9367039514563551e-01, -3.5276873378528673e-01,
          -4.2769935812024085e-01, -3.3373360757643150e-01,
          -5.5156679305566625e-01, -6.2386675847360096e-01,
          5.6692835904473653e-03, -1.6118159127549470e-01,
          -5.7620037712377792e-01, -4.2878772322752201e-01,
          1.3297635038170399e-01, -3.3904773010558237e-01,
          2.0875892888978273e-01, -1.3799649720857252e-01,
          -2.5514487916034671e-02, 2.6569538257221924e-02,
          -1.2145845160510374e-01, 6.5685048896133219e-02,
          -4.3922009311691751e-01, 8.0710692212637075e-02,
          1.3044342189354735e-01, -4.1022175121425991e-01,
          -5.3749871554687967e-01, -3.2171543637667205e-01,
          -5.2440083422957551e-01, 6.0240483692397047e-02,
          -3.0697563942799722e-01, -4.6038424193115846e-01,
          -3.2593450196893616e-02, -1.4495917568409003e-01,
          -2.2635446963477562e-01, -1.3410913651563452e-01,
          -4.1793270436395707e-01, -2.8695734434206754e-01,
          -3.6387978315203456e-01, -3.8651711399585997e-01,
          -2.2686828618373747e-01, -1.3213303926443964e-01,
          -3.0703596600478827e-01, -2.9375145007092640e-01,
          -3.2982238635110273e-01, -1.1136228338295026e-01,
          -3.2273613642621246e-01, -3.2331382948386067e-01,
          -9.7233475675609513e-02, 4.6215951444656722e-01,
          3.4980397096845828e-01, -1.5874265410900709e-01,
          9.8491012353941046e-02, 5.1732700820862132e-01,
          4.6093549347816082e-01, 1.6071304153427116e-01,
          1.7012903496968051e-01, 5.9778092645372105e-01,
          -2.9949866461113295e-02, 4.9225741643415599e-01,
          1.4419502578704552e-01, 5.2417448599276406e-01,
          5.2663787588370314e-01, 7.9251061810170831e-02,
          4.0876089957026390e-01, 3.4697317670564665e-01,
          2.3218997048169224e-01, 3.3754318114291876e-01,
          6.3170547824459966e-01, 2.3355352651610919e-01,
          2.8425859585914048e-01, 3.7203653176561646e-01,
          4.5799711730094250e-01, 4.5338003720696768e-01,
          4.6326721862505893e-01, 1.3601180068863492e-01,
          5.4194306048703389e-01, 1.3393702267190519e-01,
          2.7317653429205857e-01, -7.1416989573761316e-02,
          3.5110586221711364e-02, 2.9403940863857092e-01,
          1.9974227185642280e-02, 4.5662781450475676e-01,
          1.7127541529232410e-01, 4.7754943318462550e-01,
          3.5067978230067925e-01, 3.4187769447114735e-01,
          2.7779733510903526e-01, 2.5738677946544508e-01,
          1.4614073348875145e-01, 3.1042885996943842e-01,
          4.7448539287650221e-01, 3.9306014617595608e-01,
          3.2027789819492275e-01, 3.1672605048781205e-01,
          5.0537959522966269e-01, 1.3837364481793907e-01,
          4.2015005089236718e-01, 1.7168593273384536e-01,
          2.5550054133039618e-01, 2.4864186088904991e-01,
          3.2948435118850161e-01, 9.6163754969484316e-02,
          3.1417845543217621e-01, -2.2255234754493258e-02,
          -2.0730712962702135e-02, 3.6049895085908878e-01,
          -7.4458811198288760e-02, 4.0718239545334281e-02,
          1.6970390848337505e-01, -3.0670060006431193e-01,
          -3.5238479708343358e-03, -3.3393736965471382e-01,
          2.1394757834292139e-01, -4.5520665331659521e-01,
          2.2828476470773454e-01, 8.0161825369583634e-02,
          7.7268058695551964e-02, 2.5309009083830495e-02,
          1.7575105812947137e-01, 2.1054536043245650e-01,
          2.2449587133242832e-01, 3.5087047887934142e-01,
          -2.6764037471169033e-01, -1.1435037301279853e-01,
          1.8724870888889179e-02, 2.3615105288778299e-01,
          -1.1467805199525102e-01, -1.4468061807756841e-01,
          2.4534552381327135e-01, -3.0661179919158921e-01,
          -1.2868341717454254e-02, 1.7038582077650019e-01,
          -2.0996517943043146e-02, 3.4726642424773096e-01,
          1.5699952908946585e-01, 6.2030182567083714e-01,
          2.8684940873160691e-01, 3.9575015642423678e-01,
          -3.4635400959858682e-02, 5.3017297751445069e-01,
          4.7149520957936814e-01, 4.9036426161755275e-01,
          4.4152382129773926e-01, 6.3059213619715171e-01,
          5.9676215324916926e-01, 6.0851483804316457e-03,
          3.1022143819330394e-01, 4.5523062360494299e-01,
          4.8649870706967796e-01, 2.1192463173419756e-02,
          3.2908649348011082e-01, -1.2434684226429717e-01,
          1.7527313267555286e-01, 1.2684388552866641e-01,
          -1.7947416314967662e-01, -2.7829203343605120e-02,
          4.5150499261256104e-03, 4.8190673044380794e-01,
          3.0962790203372580e-02, 3.7851181202989893e-02,
          5.1684725219776539e-01, 4.8800930342966170e-01,
          2.2856656980222761e-01, 3.4522128887592773e-01,
          -3.4753792840231383e-02, 2.0117630405086426e-01,
          5.2770715978622607e-01, 1.3824203900345594e-01,
          8.3502537983307201e-02, 2.8287228060001784e-01,
          2.3184555948189059e-01, 3.9412056099578152e-01,
          3.5130053767095909e-01, 2.5573835133838202e-01,
          4.1945253817967537e-01, 2.7938556237028817e-01,
          1.2395149345019982e-01, 2.9917962860246472e-01,
          3.8059150757301147e-01, 2.8535739922127379e-01,
          2.5809572134273113e-02, 3.6268302263913221e-01,
          3.4218149041732066e-01, -1.0813326208680373e-03,
          -4.8653565879256205e-01, -3.8807539549362047e-01,
          1.8408580102164016e-01, -2.1780611981299830e-01,
          -5.0127763375224477e-01, -5.0123188116621531e-01,
          -1.0265405648028761e-01, -8.8957350612292138e-02,
          -6.0634574671495090e-01, -1.2539381283340290e-01,
          -4.9954045363879046e-01, 2.0470102821128683e-02,
          -5.5108394464629362e-01, -4.6187021437276810e-01,
          -2.4706630047174510e-01, -2.9458940423198637e-01,
          -5.3471921498209418e-01, -2.5045139885129042e-01,
          -4.5491303457906235e-01, -5.3863646234128604e-01,
          -2.0751550930301740e-01, -7.0091660265277064e-02,
          -4.6766008488937238e-01, -5.0749115322774030e-01,
          -4.7347816234823842e-01, -4.6550757022546058e-01,
          -6.9060390962327287e-02, -4.2462972046523412e-01,
          -1.1637391664259583e-01, -6.6806071465536979e-02,
          9.1732780766431807e-02, 8.9545536737963019e-02,
          -4.3538861567692549e-01, -9.9602091788810229e-02,
          -3.3949214900023100e-01, -6.8069216613755257e-02,
          -3.7632593219824417e-01, -5.4023489896121124e-01,
          -5.4928697671305193e-01, -3.2426307297892620e-01,
          -2.7986428854217138e-01, -1.8133342969840668e-01,
          -2.9635689662513709e-01, -4.9484908625876733e-01,
          -4.0075199915346787e-01, -3.4407908529420594e-01,
          -2.5884245251035826e-01, -4.3850320705452805e-01,
          -2.4491742634087499e-01, -3.3812250069892191e-01,
