%YAML:1.0
---
object_0:
   points: !!opencv-matrix
      rows: 3
      cols: 16
      dt: f
      data: [ 0., 0., 0., 0., 1.92000002e-01, 1.92000002e-01,
          1.92000002e-01, 1.92000002e-01, 3.84000003e-01, 3.84000003e-01,
          3.84000003e-01, 3.84000003e-01, 5.75999975e-01, 5.75999975e-01,
          5.75999975e-01, 5.75999975e-01, 0., 1.92000002e-01,
          3.84000003e-01, 5.75999975e-01, 0., 1.92000002e-01,
          3.84000003e-01, 5.75999975e-01, 0., 1.92000002e-01,
          3.84000003e-01, 5.75999975e-01, 0., 1.92000002e-01,
          3.84000003e-01, 5.75999975e-01, 0., 0., 0., 0., 0., 0., 0., 0.,
          0., 0., 0., 0., 0., 0., 0., 0. ]
