%YAML:1.0
---
nb_camera: 5
camera_0:
   camera_matrix: !!opencv-matrix
      rows: 3
      cols: 3
      dt: d
      data: [ 1.5805278483859486e+03, 0., 9.1125012337484918e+02, 0.,
          2.1073747055875538e+03, 6.8751944215536605e+02, 0., 0., 0. ]
   distortion_vector: !!opencv-matrix
      rows: 1
      cols: 5
      dt: d
      data: [ 4.0784488664616722e-04, 4.9901419247783422e-04,
          -9.0082654208453881e-06, -3.0992941692236373e-05,
          -1.5507174373548419e-03 ]
   disto_type: 0
   camera_group: 0
   img_width: 1824
   img_height: 1376
   camera_pose_matrix: !!opencv-matrix
      rows: 4
      cols: 4
      dt: d
      data: [ 1., 0., 0., 0., 0., 1., 0., 0., 0., 0., 1., 0., 0., 0., 0.,
          1. ]
camera_1:
   camera_matrix: !!opencv-matrix
      rows: 3
      cols: 3
      dt: d
      data: [ 1.5798205410562882e+03, 0., 9.1084229903270182e+02, 0.,
          2.1066589502128791e+03, 6.8711645837821027e+02, 0., 0., 0. ]
   distortion_vector: !!opencv-matrix
      rows: 1
      cols: 5
      dt: d
      data: [ -2.6746667466816124e-04, 1.6497045211394889e-03,
          -5.9485775360510067e-05, -6.0583768577700858e-05,
          -1.7075994625562253e-03 ]
   disto_type: 0
   camera_group: 0
   img_width: 1824
   img_height: 1376
   camera_pose_matrix: !!opencv-matrix
      rows: 4
      cols: 4
      dt: d
      data: [ 9.6600025995337591e-01, 1.7837644045134100e-05,
          -2.5854109431931449e-01, -9.9966570017288414e-01,
          3.2698424620879430e-05, 9.9999998119313960e-01,
          1.9116624582882495e-04, -8.7812583598962612e-06,
          2.5854109286692362e-01, -1.9312052964895563e-04,
          9.6600024120268102e-01, -1.0125550072197793e-01, 0., 0., 0.,
          1. ]
camera_2:
   camera_matrix: !!opencv-matrix
      rows: 3
      cols: 3
      dt: d
      data: [ 1.5802540131508274e+03, 0., 9.1184708147876609e+02, 0.,
          2.1068586494712904e+03, 6.8744965734080267e+02, 0., 0., 0. ]
   distortion_vector: !!opencv-matrix
      rows: 1
      cols: 5
      dt: d
      data: [ -1.8871569454370255e-04, 3.3428625859642696e-03,
          -4.2142119117807588e-05, 2.3709024433845867e-04,
          -1.1260904087883571e-02 ]
   disto_type: 0
   camera_group: 0
   img_width: 1824
   img_height: 1376
   camera_pose_matrix: !!opencv-matrix
      rows: 4
      cols: 4
      dt: d
      data: [ 8.6587424173014738e-01, 7.1996183930912174e-05,
          -5.0026172382543110e-01, -1.8991523014088192e+00,
          -5.1881798944939761e-05, 9.9999999718977062e-01,
          5.4117812973010895e-05, 7.5472002231068762e-05,
          5.0026172631585697e-01, -2.0904742096739753e-05,
          8.6587424303213367e-01, -5.2710197732024677e-01, 0., 0., 0.,
          1. ]
camera_3:
   camera_matrix: !!opencv-matrix
      rows: 3
      cols: 3
      dt: d
      data: [ 1.5793818531603040e+03, 0., 9.1063793547100386e+02, 0.,
          2.1057190969891149e+03, 6.8773134480166823e+02, 0., 0., 0. ]
   distortion_vector: !!opencv-matrix
      rows: 1
      cols: 5
      dt: d
      data: [ 1.0316207141045238e-05, -1.4175574190326589e-03,
          2.0120612336901071e-05, -1.1042849772680528e-04,
          5.0251609047732475e-03 ]
   disto_type: 0
   camera_group: 0
   img_width: 1824
   img_height: 1376
   camera_pose_matrix: !!opencv-matrix
      rows: 4
      cols: 4
      dt: d
      data: [ 9.6582429438483675e-01, -8.8195594819300923e-07,
          2.5919767046648839e-01, 9.9944090315824752e-01,
          2.7581351814320852e-05, 9.9999999468231671e-01,
          -9.9371200614526288e-05, 9.7823324793117675e-06,
          -2.5919766900051627e-01, 1.0312414185428754e-04,
          9.6582428927321462e-01, -1.0263574148516538e-01, 0., 0., 0.,
          1. ]
camera_4:
   camera_matrix: !!opencv-matrix
      rows: 3
      cols: 3
      dt: d
      data: [ 1.5750537500729865e+03, 0., 9.0566960433227723e+02, 0.,
          2.0986983242747215e+03, 6.8750496683288100e+02, 0., 0., 0. ]
   distortion_vector: !!opencv-matrix
      rows: 1
      cols: 5
      dt: d
      data: [ -1.0585358473234692e-04, -4.0117010859584230e-03,
          -2.6161158591178322e-05, -1.8543328228047913e-05,
          1.0232184852183730e-02 ]
   disto_type: 0
   camera_group: 0
   img_width: 1824
   img_height: 1376
   camera_pose_matrix: !!opencv-matrix
      rows: 4
      cols: 4
      dt: d
      data: [ 8.6411520704551881e-01, 2.9636469260811211e-05,
          5.0329405726112009e-01, 1.9257672194230691e+00,
          2.2011837826027648e-06, 9.9999999803417317e-01,
          -6.2664251897250517e-05, 1.6593554945388693e-04,
          -5.0329405812887840e-01, 5.5256975719268708e-05,
          8.6411520528158270e-01, -5.3918899449050928e-01, 0., 0., 0.,
          1. ]
