%YAML:1.0
---
nb_camera_group: 1
camera_group_0:
   frame_0:
      camera_3:
         nb_pts: 16
         error_list: !!opencv-matrix
            rows: 16
            cols: 1
            dt: f
            data: [ 1.36180669e-01, 9.59871411e-02, 9.86331180e-02,
                8.34536105e-02, 3.97762433e-02, 4.62222435e-02,
                5.07815816e-02, 9.71622393e-02, 8.28570202e-02,
                5.31785749e-02, 5.18672802e-02, 7.18481317e-02,
                1.80557728e-01, 1.33193567e-01, 9.78146717e-02,
                7.81151876e-02 ]
      camera_4:
         nb_pts: 16
         error_list: !!opencv-matrix
            rows: 16
            cols: 1
            dt: f
            data: [ 7.59725645e-02, 8.35286602e-02, 8.31990466e-02,
                5.44522554e-02, 1.12584634e-02, 6.12150654e-02,
                4.93292473e-02, 2.12276913e-02, 6.41403720e-02,
                6.20603599e-02, 9.60551426e-02, 2.09958274e-02,
                1.14791214e-01, 9.65173468e-02, 8.50735754e-02,
                1.01555899e-01 ]
      camera_list: !!opencv-matrix
         rows: 2
         cols: 1
         dt: i
         data: [ 3, 4 ]
   frame_1:
      camera_3:
         nb_pts: 16
         error_list: !!opencv-matrix
            rows: 16
            cols: 1
            dt: f
            data: [ 1.63587406e-01, 1.16684437e-01, 1.42982453e-01,
                2.60350734e-01, 1.05234027e-01, 3.97616401e-02,
                8.09793249e-02, 1.87964588e-01, 1.09743796e-01,
                3.97711508e-02, 9.94239450e-02, 2.26638332e-01,
                1.21577680e-01, 1.05070584e-01, 1.74738213e-01,
                2.42772132e-01 ]
      camera_4:
         nb_pts: 12
         error_list: !!opencv-matrix
            rows: 12
            cols: 1
            dt: f
            data: [ 1.13531314e-01, 5.77325486e-02, 1.55846313e-01,
                1.19932950e-01, 3.47566679e-02, 1.84521183e-01,
                7.41484463e-02, 4.97878194e-02, 1.82682216e-01,
                6.67028278e-02, 5.57845309e-02, 1.85903072e-01 ]
      camera_list: !!opencv-matrix
         rows: 2
         cols: 1
         dt: i
         data: [ 3, 4 ]
   frame_2:
      camera_1:
         nb_pts: 16
         error_list: !!opencv-matrix
            rows: 16
            cols: 1
            dt: f
            data: [ 1.50391916e-02, 9.77248885e-03, 3.16040143e-02,
                1.32152038e-02, 8.78005549e-02, 5.63478805e-02,
                7.47334808e-02, 4.39495519e-02, 1.26601979e-02,
                1.57893598e-02, 3.67389545e-02, 3.98707241e-02,
                2.40971409e-02, 6.14325739e-02, 5.06407907e-03,
                6.85441941e-02 ]
      camera_2:
         nb_pts: 12
         error_list: !!opencv-matrix
            rows: 12
            cols: 1
            dt: f
            data: [ 7.36332163e-02, 2.40439009e-02, 3.76630053e-02,
                6.98740557e-02, 3.02226692e-02, 5.19507527e-02,
                5.48717789e-02, 1.11629693e-02, 7.19755655e-03,
                6.43067583e-02, 6.64233044e-02, 3.44481133e-02 ]
      camera_list: !!opencv-matrix
         rows: 2
         cols: 1
         dt: i
         data: [ 1, 2 ]
   frame_3:
      camera_0:
         nb_pts: 16
         error_list: !!opencv-matrix
            rows: 16
            cols: 1
            dt: f
            data: [ 4.79018651e-02, 3.53194810e-02, 6.30071163e-02,
                8.50125700e-02, 3.30800414e-02, 4.49520908e-02,
                6.69753700e-02, 9.10543278e-02, 2.93804258e-02,
                6.07498512e-02, 4.40677628e-02, 7.74961412e-02,
                4.70630117e-02, 1.90267246e-02, 3.12788337e-02,
                7.68979266e-02 ]
      camera_3:
         nb_pts: 12
         error_list: !!opencv-matrix
            rows: 12
            cols: 1
            dt: f
            data: [ 2.56202295e-02, 2.69930698e-02, 3.59185524e-02,
                1.21496757e-02, 1.05074467e-02, 3.13083567e-02,
                3.58838961e-02, 2.47489847e-02, 6.32325420e-03,
                2.03403719e-02, 1.69611853e-02, 4.05476056e-02 ]
      camera_list: !!opencv-matrix
         rows: 2
         cols: 1
         dt: i
         data: [ 0, 3 ]
   frame_4:
      camera_3:
         nb_pts: 16
         error_list: !!opencv-matrix
            rows: 16
            cols: 1
            dt: f
            data: [ 1.59564614e-02, 1.34766120e-02, 2.89881006e-02,
                1.94226112e-02, 7.18661444e-03, 2.21941490e-02,
                1.30120888e-02, 5.65897301e-02, 2.68831979e-02,
                7.34960614e-03, 4.34136763e-02, 2.02262253e-02,
                1.95754748e-02, 1.37038874e-02, 2.91209500e-02,
                2.92211343e-02 ]
      camera_list: !!opencv-matrix
         rows: 1
         cols: 1
         dt: i
         data: [ 3 ]
   frame_5:
      camera_0:
         nb_pts: 16
         error_list: !!opencv-matrix
            rows: 16
            cols: 1
            dt: f
            data: [ 7.79053476e-03, 2.53371634e-02, 1.52325211e-02,
                2.84976023e-03, 3.03698201e-02, 7.32447300e-03,
                3.39617170e-02, 2.81128362e-02, 3.26278433e-02,
                9.45966132e-03, 2.33059209e-02, 3.39678600e-02,
                1.47588067e-02, 1.99387018e-02, 2.27876212e-02,
                1.08509194e-02 ]
      camera_list: !!opencv-matrix
         rows: 1
         cols: 1
         dt: i
         data: [ 0 ]
   frame_6:
      camera_0:
         nb_pts: 16
         error_list: !!opencv-matrix
            rows: 16
            cols: 1
            dt: f
            data: [ 3.62787135e-02, 5.50688654e-02, 7.42324023e-03,
                2.22801734e-02, 3.99474055e-02, 2.73724142e-02,
                5.63054197e-02, 3.02212797e-02, 1.21833570e-02,
                2.11995058e-02, 1.11754350e-02, 2.01416947e-02,
                3.91445383e-02, 3.02756671e-02, 3.68525125e-02,
                2.50474028e-02 ]
      camera_1:
         nb_pts: 16
         error_list: !!opencv-matrix
            rows: 16
            cols: 1
            dt: f
            data: [ 3.90865728e-02, 9.28898156e-03, 2.56801378e-02,
                1.58214141e-02, 2.66567860e-02, 5.94644696e-02,
                2.24099625e-02, 8.14640820e-02, 6.83524236e-02,
                7.22644106e-02, 5.32599501e-02, 1.92306265e-02,
                2.36124024e-02, 7.30344057e-02, 8.46819058e-02,
                6.78716525e-02 ]
      camera_list: !!opencv-matrix
         rows: 2
         cols: 1
         dt: i
         data: [ 0, 1 ]
   frame_7:
      camera_3:
         nb_pts: 16
         error_list: !!opencv-matrix
            rows: 16
            cols: 1
            dt: f
            data: [ 1.03847980e-01, 9.89640206e-02, 7.21694529e-02,
                5.58399297e-02, 4.92187627e-02, 4.11315486e-02,
                2.78696176e-02, 4.43656743e-02, 3.37452814e-02,
                2.58230828e-02, 2.28947736e-02, 4.28611524e-02,
                8.69431719e-02, 5.33936247e-02, 5.42685017e-02,
                2.32885722e-02 ]
      camera_4:
         nb_pts: 16
         error_list: !!opencv-matrix
            rows: 16
            cols: 1
            dt: f
            data: [ 8.05923864e-02, 6.29085377e-02, 3.75606306e-02,
                7.86976069e-02, 5.37475795e-02, 6.63950592e-02,
                7.94209018e-02, 6.75634667e-02, 5.01144715e-02,
                2.34018695e-02, 4.00941521e-02, 3.82179506e-02,
                3.62491272e-02, 5.60830720e-02, 6.82627708e-02,
                6.04755841e-02 ]
      camera_list: !!opencv-matrix
         rows: 2
         cols: 1
         dt: i
         data: [ 3, 4 ]
   frame_8:
      camera_0:
         nb_pts: 16
         error_list: !!opencv-matrix
            rows: 16
            cols: 1
            dt: f
            data: [ 1.48798153e-02, 2.31156498e-02, 1.56279802e-02,
                2.95311771e-03, 2.22945474e-02, 1.16607500e-03,
                2.52639111e-02, 5.59729338e-03, 6.33355556e-03,
                4.11629081e-02, 1.71426237e-02, 4.85163480e-02,
