%YAML:1.0
---
object_0:
   points: !!opencv-matrix
      rows: 5
      cols: 64
      dt: f
      data: [ 0., 3.70000005e-02, 7.40000010e-02, 1.11000001e-01, 0.,
          3.70000005e-02, 7.40000010e-02, 1.11000001e-01, 0.,
          3.70000005e-02, 7.40000010e-02, 1.11000001e-01, 0.,
          3.70000005e-02, 7.40000010e-02, 1.11000001e-01,
          -2.96645076e-03, 3.40169445e-02, 7.10003451e-02,
          1.07983738e-01, -3.52684665e-03, 3.34565490e-02,
          7.04399422e-02, 1.07423343e-01, -4.08724276e-03,
          3.28961536e-02, 6.98795468e-02, 1.06862947e-01,
          -4.64763865e-03, 3.23357582e-02, 6.93191513e-02,
          1.06302552e-01, 6.88244402e-01, 7.09943473e-01, 7.31642544e-01,
          7.53341615e-01, 6.60177290e-01, 6.81876302e-01, 7.03575373e-01,
          7.25274444e-01, 6.32110119e-01, 6.53809190e-01, 6.75508261e-01,
          6.97207332e-01, 6.04042947e-01, 6.25742018e-01, 6.47441089e-01,
          6.69140160e-01, 4.86247420e-01, 5.07753909e-01, 5.29260397e-01,
          5.50766885e-01, 4.80909646e-01, 5.02416134e-01, 5.23922622e-01,
          5.45429111e-01, 4.75571871e-01, 4.97078359e-01, 5.18584847e-01,
          5.40091336e-01, 4.70234096e-01, 4.91740584e-01, 5.13247073e-01,
          5.34753561e-01, 0., 0., 0., 0., 3.70000005e-02, 3.70000005e-02,
          3.70000005e-02, 3.70000005e-02, 7.40000010e-02, 7.40000010e-02,
          7.40000010e-02, 7.40000010e-02, 1.11000001e-01, 1.11000001e-01,
          1.11000001e-01, 1.11000001e-01, 2.98826486e-01, 2.99753189e-01,
          3.00679862e-01, 3.01606566e-01, 3.31972748e-01, 3.32899451e-01,
          3.33826125e-01, 3.34752828e-01, 3.65119010e-01, 3.66045713e-01,
          3.66972387e-01, 3.67899090e-01, 3.98265272e-01, 3.99191976e-01,
          4.00118649e-01, 4.01045352e-01, 4.67951298e-01, 4.63261336e-01,
          4.58571345e-01, 4.53881383e-01, 4.77582484e-01, 4.72892493e-01,
          4.68202531e-01, 4.63512570e-01, 4.87213641e-01, 4.82523680e-01,
          4.77833718e-01, 4.73143756e-01, 4.96844828e-01, 4.92154866e-01,
          4.87464875e-01, 4.82774913e-01, 6.30021274e-01, 6.21835232e-01,
          6.13649189e-01, 6.05463147e-01, 6.64026678e-01, 6.55840635e-01,
          6.47654533e-01, 6.39468491e-01, 6.98032022e-01, 6.89845979e-01,
          6.81659937e-01, 6.73473895e-01, 7.32037425e-01, 7.23851383e-01,
          7.15665340e-01, 7.07479239e-01, 0., 0., 0., 0., 0., 0., 0., 0.,
          0., 0., 0., 0., 0., 0., 0., 0., 3.11081689e-02, 3.05001531e-02,
          2.98921391e-02, 2.92841233e-02, 4.75401916e-02, 4.69321758e-02,
          4.63241600e-02, 4.57161441e-02, 6.39722124e-02, 6.33642003e-02,
          6.27561808e-02, 6.21481687e-02, 8.04042369e-02, 7.97962174e-02,
          7.91882053e-02, 7.85801858e-02, 8.17813396e-01, 7.88213491e-01,
          7.58613586e-01, 7.29013681e-01, 7.95711935e-01, 7.66112030e-01,
          7.36512125e-01, 7.06912220e-01, 7.73610473e-01, 7.44010568e-01,
          7.14410663e-01, 6.84810758e-01, 7.51509011e-01, 7.21909106e-01,
          6.92309201e-01, 6.62709296e-01, 6.26811385e-01, 5.97837925e-01,
          5.68864524e-01, 5.39891124e-01, 6.13241434e-01, 5.84268034e-01,
          5.55294633e-01, 5.26321173e-01, 5.99671543e-01, 5.70698142e-01,
          5.41724682e-01, 5.12751281e-01, 5.86101651e-01, 5.57128191e-01,
          5.28154790e-01, 4.99181360e-01, 0., 0., 0., 0., 0., 0., 0., 0.,
          0., 0., 0., 0., 0., 0., 0., 0., 1., 1., 1., 1., 1., 1., 1., 1.,
          1., 1., 1., 1., 1., 1., 1., 1., 2., 2., 2., 2., 2., 2., 2., 2.,
          2., 2., 2., 2., 2., 2., 2., 2., 3., 3., 3., 3., 3., 3., 3., 3.,
          3., 3., 3., 3., 3., 3., 3., 3., 0., 1., 2., 3., 4., 5., 6., 7.,
          8., 9., 10., 11., 12., 13., 14., 15., 0., 1., 2., 3., 4., 5.,
          6., 7., 8., 9., 10., 11., 12., 13., 14., 15., 0., 1., 2., 3.,
          4., 5., 6., 7., 8., 9., 10., 11., 12., 13., 14., 15., 0., 1.,
          2., 3., 4., 5., 6., 7., 8., 9., 10., 11., 12., 13., 14., 15. ]
