%YAML:1.0
---
nb_camera: 4
camera_0:
   camera_matrix: !!opencv-matrix
      rows: 3
      cols: 3
      dt: d
      data: [ 4.0986092712254020e+02, 0., 3.1628199394499228e+02, 0.,
          4.0897010869563843e+02, 2.3664535795654010e+02, 0., 0., 1. ]
   distortion_vector: !!opencv-matrix
      rows: 1
      cols: 5
      dt: d
      data: [ 5.1276650293593816e-02, -1.2051450280339550e-01,
          -1.0835810913239854e-03, -2.6276442805225177e-03,
          1.0252944979525906e-01 ]
   distortion_type: 0
   camera_group: 0
   img_width: 640
   img_height: 480
   camera_pose_matrix: !!opencv-matrix
      rows: 4
      cols: 4
      dt: d
      data: [ 1., 0., 0., 0., 0., 1., 0., 0., 0., 0., 1., 0., 0., 0., 0.,
          1. ]
camera_1:
   camera_matrix: !!opencv-matrix
      rows: 3
      cols: 3
      dt: d
      data: [ 4.1257796446337534e+02, 0., 3.1471915242292607e+02, 0.,
          4.1230453975075267e+02, 2.3758857850364811e+02, 0., 0., 1. ]
   distortion_vector: !!opencv-matrix
      rows: 1
      cols: 5
      dt: d
      data: [ 5.3791577104382775e-03, 1.1746510399856476e-01,
          -1.2277455398855935e-04, -5.2852346143814908e-03,
          -1.9376879353628534e-01 ]
   distortion_type: 0
   camera_group: 0
   img_width: 640
   img_height: 480
   camera_pose_matrix: !!opencv-matrix
      rows: 4
      cols: 4
      dt: d
      data: [ 9.9995857361735041e-01, -2.9468280804081069e-04,
          -9.0974837838072760e-03, 5.1881454185795060e-02,
          3.1257050856631067e-04, 9.9999802079899980e-01,
          1.9648658377737281e-03, -3.9626268539552173e-04,
          9.0968867658757710e-03, -1.9676280456226579e-03,
          9.9995668660749648e-01, -2.6991375604294271e-03, 0., 0., 0.,
          1. ]
camera_2:
   camera_matrix: !!opencv-matrix
      rows: 3
      cols: 3
      dt: d
      data: [ 2.2232013228080882e+03, 0., 3.4145278316614616e+02, 0.,
          2.6252658078942177e+03, 2.8860699405423503e+02, 0., 0., 1. ]
   distortion_vector: !!opencv-matrix
      rows: 1
      cols: 5
      dt: d
      data: [ 4.9150537868925682e+01, -3.7013067709870670e+03,
          9.5943042874522277e-01, 2.8863699811653494e-02,
          1.1392393516494389e+05 ]
   distortion_type: 0
   camera_group: 0
   img_width: 640
   img_height: 480
   camera_pose_matrix: !!opencv-matrix
      rows: 4
      cols: 4
      dt: d
      data: [ 6.5547049813510305e-01, 4.2457650157904647e-01,
          -6.2457443141824009e-01, 2.5724553033024256e+00,
          5.2570742246370473e-03, 8.2442392282599897e-01,
          5.6594837100462447e-01, -2.2306229746382167e+00,
          7.5520248228214693e-01, -3.7424589480592746e-01,
          5.3815352918641546e-01, -1.9695824568831579e+00, 0., 0., 0.,
          1. ]
camera_3:
   camera_matrix: !!opencv-matrix
      rows: 3
      cols: 3
      dt: d
      data: [ 1.3268723481983900e+03, 0., -7.2897729583884075e+02, 0.,
          1.5385364010522203e+03, 9.4551984615537253e+02, 0., 0., 1. ]
   distortion_vector: !!opencv-matrix
      rows: 1
      cols: 5
      dt: d
      data: [ 1.0357524504665845e+00, -4.9443688683767273e-01,
          1.5772758673794987e-01, -1.4533339665310338e-01,
          7.3215193240998955e-02 ]
   distortion_type: 0
   camera_group: 0
   img_width: 640
   img_height: 480
   camera_pose_matrix: !!opencv-matrix
      rows: 4
      cols: 4
      dt: d
      data: [ 3.9846675895667538e-01, 7.9564558282721976e-01,
          -4.5625908049494890e-01, 1.8479179348350410e+00,
          3.9570193023929928e-01, 2.9964760594410178e-01,
          8.6811940115220354e-01, -2.9080985133111854e+00,
          8.2743230805393064e-01, -5.2645932300558795e-01,
          -1.9543888254142983e-01, -1.8692233483710363e+00, 0., 0., 0.,
          1. ]
