%YAML:1.0
---
object_0:
   poses: !!opencv-matrix
      rows: 6
      cols: 478
      dt: d
      data: [ -1.5031181051153211e+00, -1.5311581841260287e+00,
          -1.5184443742813234e+00, -1.4776070554923950e+00,
          -1.4543898861848046e+00, -1.4097968739643509e+00,
          -1.3292857197081336e+00, -1.2135054502429434e+00,
          -1.2678741767970050e+00, -1.2601677490906329e+00,
          -1.1798444478114454e+00, -1.3390675531110172e+00,
          -1.3515614874314013e+00, -1.5013822925271665e+00,
          -1.5189498685559408e+00, -1.5281381855003104e+00,
          -1.5439569814314003e+00, -1.5122705503029825e+00,
          -1.4936610311880678e+00, -1.4187842588163597e+00,
          -1.3769658199495076e+00, -1.3415864589649049e+00,
          -1.3861326212537626e+00, -1.3575875438552123e+00,
          -1.4154704786143457e+00, -1.4003796936104740e+00,
          -1.4431233246979269e+00, -1.3921773423598196e+00,
          -1.3207770271876174e+00, -1.2936836903635476e+00,
          -1.3639841421312224e+00, -1.4527488686864432e+00,
          -1.5055226057357960e+00, -1.5145473092824688e+00,
          -1.5151864812681772e+00, -1.4813002201089740e+00,
          -1.4270479230193609e+00, -1.3809388764870119e+00,
          -1.4004996043197924e+00, -1.3895794978251539e+00,
          -1.4720779580751879e+00, -1.4914001646609345e+00,
          -1.5107691485456971e+00, -1.5086498104127177e+00,
          -1.4792429498429231e+00, -1.5292878405823180e+00,
          -1.4741756657782175e+00, -1.4533874697481368e+00,
          -1.4887784481996800e+00, -1.5213867828051215e+00,
          -1.5765926658049905e+00, -1.6155641000590792e+00,
          -1.6062517496671691e+00, -1.5843657512125371e+00,
          -1.5513343862365956e+00, -1.4728747761464092e+00,
          -1.4633852575178854e+00, -1.3597234898099178e+00,
          -1.2605526475222910e+00, -1.2303336645876699e+00,
          -1.3039401373091317e+00, -1.3657267895757894e+00,
          -1.4259765976824554e+00, -1.4553178133685982e+00,
          -1.4532481922883980e+00, -1.4646865998276062e+00,
          -1.4799636603962754e+00, -1.4968709386931982e+00,
          -1.4922217874900394e+00, -1.4594971222368669e+00,
          -1.4435116522115365e+00, -1.4286758267508604e+00,
          -1.4322088135006705e+00, -1.4471865565631210e+00,
          -1.5335621085173359e+00, -1.5702809877640980e+00,
          -3.0867068039735703e+00, -3.0935037088041710e+00,
          3.1272524771245394e+00, 3.0050878937825058e+00,
          2.9638267747695677e+00, 2.9899477327554442e+00,
          2.9381491509488473e+00, 2.9215287560634522e+00,
          2.9450450750480708e+00, -3.2847614019617914e+00,
          2.9665498992878558e+00, 2.9459801581551299e+00,
          2.9179103968219122e+00, 2.9011062350858885e+00,
          2.8984914170940228e+00, 2.9093912160725646e+00,
          2.9389171712450621e+00, 2.9449057447018516e+00,
          2.9794419006099067e+00, 3.0183492337413393e+00,
          3.0361705213859063e+00, 3.0510595788863650e+00,
          3.0561249539602753e+00, 3.1031361087204319e+00,
          -3.0424669984706028e+00, 3.1905427228757479e+00,
          -3.1337515343518452e+00, -3.0755304927793330e+00,
          3.0312403407649735e+00, 3.0532615453005514e+00,
          3.1790308823680604e+00, 3.0457093372035495e+00,
          3.0287364503054151e+00, 3.0589897281526857e+00,
          3.0876568466119170e+00, 3.0830353748319745e+00,
          3.1294128088885405e+00, -3.1707317359882752e+00,
          -3.1482954939518755e+00, 3.0963228991505658e+00,
          -3.1327087382476559e+00, -3.1388720107492336e+00,
          3.1632472739663293e+00, -3.1368561080246113e+00,
          -3.1536155981917231e+00, -3.1444423755104340e+00,
          3.0382906198990751e+00, 2.9794719244104493e+00,
          3.0239675766410201e+00, 3.0176028088856501e+00,
          2.9854460100268865e+00, 3.0033104593739539e+00,
          -3.2569819673694989e+00, 3.0327263676920477e+00,
          3.0300831172890272e+00, 3.0635851105934000e+00,
          3.0593168245349762e+00, -3.1815423227021480e+00,
          3.0863720613289756e+00, -3.1696546283621445e+00,
          3.1545944373982997e+00, 3.1510144847605073e+00,
          -3.1265690939188118e+00, -3.1570940171775415e+00,
          3.0871383443388933e+00, 3.0928850051447747e+00,
          -3.1413556711501220e+00, 3.1705913297004189e+00,
          3.2006493733881003e+00, -3.0204207033575332e+00,
          3.1278882169352999e+00, -3.1160848747025081e+00,
          -3.1411403352948146e+00, -3.1094271535475180e+00,
          -3.0587164854157032e+00, 3.0645703593079943e+00,
          3.0250968054412088e+00, 2.9908745558089307e+00,
          2.9416462830735872e+00, 2.9021655671758260e+00,
          2.9022020812740106e+00, 2.9025132463741103e+00,
          2.9071417317935713e+00, 2.8996363429505747e+00,
          2.9020207871624275e+00, 2.8988475773742821e+00,
          2.8644485701481686e+00, 2.8576341867398507e+00,
          2.8772819067812914e+00, 2.9001102543709711e+00,
          2.9238992712248364e+00, 2.9740371749387853e+00,
          3.0172391704573744e+00, 3.0253333905376585e+00,
          3.0186888608223921e+00, 3.0100136433179276e+00,
          3.0118364506002688e+00, 2.9986886240891009e+00,
          2.9838240003976328e+00, 2.9623448365125604e+00,
          2.9289598605395284e+00, 2.8986115046162655e+00,
          2.8711087180821226e+00, 2.8647561751167756e+00,
          2.8800059478986046e+00, 2.8600983989622191e+00,
          2.8728298325837991e+00, 2.8799906839378258e+00,
          2.9133407352895269e+00, 2.9488383143423960e+00,
          2.9740973206705115e+00, 3.0125853441837296e+00,
          3.0132328978324514e+00, 3.0274215089077883e+00,
          -3.1845445039708546e+00, 3.1337284761033857e+00,
          -3.1111660072870668e+00, 3.1492398850205867e+00,
          3.0965405627700449e+00, -3.2017059148186870e+00,
          -3.1826158922006944e+00, 3.0962614411407219e+00,
          3.0660550715002022e+00, 3.0574774378984393e+00,
          3.0789049401664008e+00, 3.0601257232438090e+00,
          3.0087046321912743e+00, 2.9299414745092811e+00,
          2.8464868408326840e+00, -2.5467456986920873e+00,
          -2.3946740467325380e+00, -1.5044471394385088e+00,
          -1.5275581437346910e+00, -1.5160081077270873e+00,
          -1.4958656122379321e+00, -1.4708117574978379e+00,
          -1.5277902521982742e+00, -1.5521685594540047e+00,
          -1.5132586965420483e+00, -1.4778337830956325e+00,
          -1.4564401932850233e+00, -1.4654891994326500e+00,
          -1.3619868782793565e+00, -1.5278135798501515e+00,
          -1.5037450119098812e+00, -1.4320376071048631e+00,
          -1.3916445712120615e+00, -1.3389412804194873e+00,
          -1.3378913360610882e+00, -1.2855647269187451e+00,
          -1.2629147423539506e+00, -1.2750016437406932e+00,
          -1.3006465711419712e+00, -1.3159793939028204e+00,
          -1.3750395169159422e+00, -1.3430721326066302e+00,
          -1.3759161545880194e+00, -1.3811968198073759e+00,
          -1.4851011314343996e+00, -1.5060437357471814e+00,
          -1.5155105738035888e+00, -1.5249339237321837e+00,
          -1.4744390101276899e+00, -1.3918334890829229e+00,
          -1.3211157047281121e+00, -1.3722264961834452e+00,
          -1.3736146074374667e+00, -1.4177544858184468e+00,
          -1.3908083065702481e+00, -1.4156319288626320e+00,
          -1.4072794045088795e+00, -1.3605558382349752e+00,
          -1.2626040619929959e+00, -1.2623257840411113e+00,
          -1.3871233754145829e+00, -1.4748424502298407e+00,
          -1.5143667205317171e+00, -1.5139601926079582e+00,
          -1.4665573216177827e+00, -1.3771717392812353e+00,
          -1.4262719725686936e+00, -1.3942281350539736e+00,
          -1.4031418515891356e+00, -1.4614659010535258e+00,
          -1.4750121897949098e+00, -1.4770492942965838e+00,
          -1.5093986157443240e+00, -1.4947303659043083e+00,
          -1.4732018724113400e+00, -1.4595741255810368e+00,
