%YAML:1.0
---
nb_camera: 5
K_1: !!opencv-matrix
   rows: 3
   cols: 3
   dt: d
   data: [ 1.5796302490234375e+03, 0., 912., 0., 2.0939284667968750e+03,
       688., 0., 0., 1. ]
P_1: !!opencv-matrix
   rows: 4
   cols: 4
   dt: d
   data: [ 1., 0., 0., 0., 0., 1., 0., 0., 0., 0., 1., 0., 0., 0., 0.,
       1. ]
K_2: !!opencv-matrix
   rows: 3
   cols: 3
   dt: d
   data: [ 1.5796302490234375e+03, 0., 912., 0., 2.0939284667968750e+03,
       688., 0., 0., 1. ]
P_2: !!opencv-matrix
   rows: 4
   cols: 4
   dt: d
   data: [ 9.6592581272125244e-01, 0., 2.5881904363632202e-01, -1., 0.,
       1., 0., 0., -2.5881904363632202e-01, 0., 9.6592581272125244e-01,
       1.0000000149011612e-01, 0., 0., 0., 1. ]
K_3: !!opencv-matrix
   rows: 3
   cols: 3
   dt: d
   data: [ 1.5796302490234375e+03, 0., 912., 0., 2.0939284667968750e+03,
       688., 0., 0., 1. ]
P_3: !!opencv-matrix
   rows: 4
   cols: 4
   dt: d
   data: [ 8.6602538824081421e-01, 0., 5.0000000000000000e-01,
       -1.8999999761581421e+00, 0., 1., 0., 0., -5.0000000000000000e-01,
       0., 8.6602538824081421e-01, 5.2499997615814209e-01, 0., 0., 0.,
       1. ]
K_4: !!opencv-matrix
   rows: 3
   cols: 3
   dt: d
   data: [ 1.5796302490234375e+03, 0., 912., 0., 2.0939284667968750e+03,
       688., 0., 0., 1. ]
P_4: !!opencv-matrix
   rows: 4
   cols: 4
   dt: d
   data: [ 9.6592581272125244e-01, 0., -2.5881904363632202e-01, 1., 0.,
       1., 0., 0., 2.5881904363632202e-01, 0., 9.6592581272125244e-01,
       1.0000000149011612e-01, 0., 0., 0., 1. ]
K_5: !!opencv-matrix
   rows: 3
   cols: 3
   dt: d
   data: [ 1.5796302490234375e+03, 0., 912., 0., 2.0939284667968750e+03,
       688., 0., 0., 1. ]
P_5: !!opencv-matrix
   rows: 4
   cols: 4
   dt: d
   data: [ 8.6602538824081421e-01, 0., -5.0000000000000000e-01,
       1.9299999475479126e+00, 0., 1., 0., 0., 5.0000000000000000e-01,
       0., 8.6602538824081421e-01, 5.2499997615814209e-01, 0., 0., 0.,
       1. ]
