%YAML:1.0
---
object_0:
   points: !!opencv-matrix
      rows: 5
      cols: 48
      dt: f
      data: [ 0., 1.92000002e-01, 3.84000003e-01, 5.75999975e-01, 0.,
          1.92000002e-01, 3.84000003e-01, 5.75999975e-01, 0.,
          1.92000002e-01, 3.84000003e-01, 5.75999975e-01, 0.,
          1.92000002e-01, 3.84000003e-01, 5.75999975e-01, 7.21807480e-01,
          5.30391216e-01, 3.38974953e-01, 1.47558749e-01, 7.18959212e-01,
          5.27542949e-01, 3.36126715e-01, 1.44710481e-01, 7.16110945e-01,
          5.24694681e-01, 3.33278447e-01, 1.41862214e-01, 7.13262677e-01,
          5.21846414e-01, 3.30430180e-01, 1.39013946e-01,
          -6.41199231e-01, -7.76486933e-01, -9.11774635e-01,
          -1.04706228e+00, -6.41905487e-01, -7.77193189e-01,
          -9.12480891e-01, -1.04776859e+00, -6.42611802e-01,
          -7.77899444e-01, -9.13187146e-01, -1.04847479e+00,
          -6.43318057e-01, -7.78605759e-01, -9.13893461e-01,
          -1.04918110e+00, 0., 0., 0., 0., 1.92000002e-01,
          1.92000002e-01, 1.92000002e-01, 1.92000002e-01, 3.84000003e-01,
          3.84000003e-01, 3.84000003e-01, 3.84000003e-01, 5.75999975e-01,
          5.75999975e-01, 5.75999975e-01, 5.75999975e-01,
          -1.61082551e-01, -1.63759768e-01, -1.66436985e-01,
          -1.69114202e-01, 3.08845639e-02, 2.82073505e-02,
          2.55301353e-02, 2.28529219e-02, 2.22851679e-01, 2.20174477e-01,
          2.17497259e-01, 2.14820042e-01, 4.14818764e-01, 4.12141562e-01,
          4.09464359e-01, 4.06787127e-01, 4.99176413e-01, 5.00182688e-01,
          5.01188934e-01, 5.02195179e-01, 3.07179064e-01, 3.08185309e-01,
          3.09191555e-01, 3.10197800e-01, 1.15181692e-01, 1.16187945e-01,
          1.17194198e-01, 1.18200451e-01, -7.68156499e-02,
          -7.58093968e-02, -7.48031437e-02, -7.37968907e-02, 0., 0., 0.,
          0., 0., 0., 0., 0., 0., 0., 0., 0., 0., 0., 0., 0.,
          6.72614574e+00, 6.74086523e+00, 6.75558424e+00, 6.77030325e+00,
          6.72402191e+00, 6.73874092e+00, 6.75345993e+00, 6.76817894e+00,
          6.72189760e+00, 6.73661661e+00, 6.75133562e+00, 6.76605463e+00,
          6.71977329e+00, 6.73449230e+00, 6.74921131e+00, 6.76393032e+00,
          2.17897087e-01, 3.54133010e-01, 4.90368932e-01, 6.26604855e-01,
          2.18613848e-01, 3.54849786e-01, 4.91085708e-01, 6.27321601e-01,
          2.19330609e-01, 3.55566531e-01, 4.91802454e-01, 6.28038347e-01,
          2.20047370e-01, 3.56283307e-01, 4.92519230e-01, 6.28755152e-01,
          0., 0., 0., 0., 0., 0., 0., 0., 0., 0., 0., 0., 0., 0., 0., 0.,
          1., 1., 1., 1., 1., 1., 1., 1., 1., 1., 1., 1., 1., 1., 1., 1.,
          2., 2., 2., 2., 2., 2., 2., 2., 2., 2., 2., 2., 2., 2., 2., 2.,
          0., 1., 2., 3., 4., 5., 6., 7., 8., 9., 10., 11., 12., 13.,
          14., 15., 0., 1., 2., 3., 4., 5., 6., 7., 8., 9., 10., 11.,
          12., 13., 14., 15., 0., 1., 2., 3., 4., 5., 6., 7., 8., 9.,
          10., 11., 12., 13., 14., 15. ]
