%YAML:1.0
---
nb_camera: 4
camera_0:
   camera_matrix: !!opencv-matrix
      rows: 3
      cols: 3
      dt: d
      data: [ 1.6348943171330632e+03, 0., 9.1152346920684215e+02, 0.,
          2.1798628879425628e+03, 6.8742964380014678e+02, 0., 0., 1. ]
   distortion_vector: !!opencv-matrix
      rows: 1
      cols: 5
      dt: d
      data: [ -7.3677432414848007e-05, 8.2141681208598531e-04,
          -1.5629668679519818e-05, 6.2591544912353815e-06,
          -1.3595904843380327e-03 ]
   distortion_type: 0
   camera_group: 0
   img_width: 1824
   img_height: 1376
   camera_pose_matrix: !!opencv-matrix
      rows: 4
      cols: 4
      dt: d
      data: [ 1., 0., 0., 0., 0., 1., 0., 0., 0., 0., 1., 0., 0., 0., 0.,
          1. ]
camera_1:
   camera_matrix: !!opencv-matrix
      rows: 3
      cols: 3
      dt: d
      data: [ 1.6349102855085705e+03, 0., 9.1139660714327783e+02, 0.,
          2.1798929762096036e+03, 6.8771948763455134e+02, 0., 0., 1. ]
   distortion_vector: !!opencv-matrix
      rows: 1
      cols: 5
      dt: d
      data: [ 1.9418506322691601e-04, -1.3892008682916122e-03,
          1.6053597154564092e-05, -1.6521496334968381e-05,
          2.8654758628107804e-03 ]
   distortion_type: 0
   camera_group: 0
   img_width: 1824
   img_height: 1376
   camera_pose_matrix: !!opencv-matrix
      rows: 4
      cols: 4
      dt: d
      data: [ -9.9999999915667270e-01, -1.2444530372778910e-05,
          3.9138068129416378e-05, 8.9319828221980273e-05,
          -1.2444540545359793e-05, 9.9999999992253286e-01,
          -2.5967173624708697e-07, 2.1707276461750531e-04,
          -3.9138064894891670e-05, -2.6015879130380221e-07,
          -9.9999999923407223e-01, -4.9955815153531291e-01, 0., 0., 0.,
          1. ]
camera_2:
   camera_matrix: !!opencv-matrix
      rows: 3
      cols: 3
      dt: d
      data: [ 1.5796809273179172e+03, 0., 9.1158394720208503e+02, 0.,
          2.1062119176623291e+03, 6.8739746858191586e+02, 0., 0., 1. ]
   distortion_vector: !!opencv-matrix
      rows: 1
      cols: 5
      dt: d
      data: [ 3.7900082659553263e-04, -1.5256885006493480e-03,
          -9.4282322005039962e-06, 5.1117970506539701e-05,
          2.8954412501102306e-03 ]
   distortion_type: 0
   camera_group: 0
   img_width: 1824
   img_height: 1376
   camera_pose_matrix: !!opencv-matrix
      rows: 4
      cols: 4
      dt: d
      data: [ 9.9999999934755401e-01, -5.7151850521460585e-06,
          3.5668316055547718e-05, 7.0000815661767324e-01,
          5.7158175968691670e-06, 9.9999999982641730e-01,
          -1.7734002491729404e-05, 5.1424574536039430e-06,
          -3.5668214696253558e-05, 1.7734206353741071e-05,
          9.9999999920663818e-01, 2.6044151461403793e-05, 0., 0., 0., 1. ]
camera_3:
   camera_matrix: !!opencv-matrix
      rows: 3
      cols: 3
      dt: d
      data: [ 1.5796589183680765e+03, 0., 9.1160086152443523e+02, 0.,
          2.1062249992405459e+03, 6.8738383557970826e+02, 0., 0., 1. ]
   distortion_vector: !!opencv-matrix
      rows: 1
      cols: 5
      dt: d
      data: [ -1.3069049571218325e-05, 1.0164066356991147e-04,
          -1.8877834408051906e-05, 2.1836943489118056e-05,
          -2.4971200590529429e-04 ]
   distortion_type: 0
   camera_group: 0
   img_width: 1824
   img_height: 1376
   camera_pose_matrix: !!opencv-matrix
      rows: 4
      cols: 4
      dt: d
      data: [ 9.9999999899297243e-01, 8.9189974304932254e-06,
          4.3983026584011057e-05, -6.9998458180549827e-01,
          -8.9179108893706597e-06, 9.9999999965509700e-01,
          -2.4703779536889941e-05, 6.0033717080030818e-06,
          -4.3983246901794469e-05, 2.4703387275288255e-05,
          9.9999999872760847e-01, 1.9893903704843852e-05, 0., 0., 0., 1. ]
