%YAML:1.0
---
object_0:
   poses: !!opencv-matrix
      rows: 6
      cols: 356
      dt: d
      data: [ 3.0167920285890357e+00, -3.0460030901731616e+00,
          -3.1138876863218350e+00, -3.0615120581994288e+00,
          -2.9554364980700814e+00, 3.0953930628568971e+00,
          -2.9989946161227761e+00, 3.1201540332295634e+00,
          3.0240523889607656e+00, -3.0865356289821850e+00,
          2.9885066417391792e+00, 3.0410405740090956e+00,
          -3.0980049313072899e+00, 3.0237980145448602e+00,
          -3.1235840945674496e+00, -3.0848151393154284e+00,
          3.0235199522404521e+00, -3.0832262824897869e+00,
          -3.0975596657011653e+00, -2.9604756866960136e+00,
          -3.0091084000900001e+00, -3.0148513808996618e+00,
          3.0358526838623918e+00, 3.0370370539173228e+00,
          -2.9721343437526748e+00, -3.1101849293546522e+00,
          -3.0765931942868372e+00, 3.0112006847723172e+00,
          -3.0871650009379370e+00, -3.0771995565133303e+00,
          3.1217975456724578e+00, -3.0809755575010072e+00,
          -3.0848697378152359e+00, -2.9988969176333207e+00,
          -3.0235604245272727e+00, -3.0086340374443941e+00,
          -3.0100080243500691e+00, 3.0447147037049755e+00,
          2.9999868734403963e+00, 3.1699747109274390e+00,
          -3.0794276811159662e+00, -3.1133254176614416e+00,
          3.0053467796079056e+00, 2.9883000438879193e+00,
          2.9997834896778670e+00, 3.0724105739343894e+00,
          -2.9826940340539814e+00, 3.0450410464144722e+00,
          -3.0163302314877849e+00, -2.9925245259255462e+00,
          2.9607904454177891e+00, -3.0030415567554929e+00,
          3.0770686890563290e+00, 3.1100366009887250e+00,
          -3.0707711623421838e+00, -3.0212016965669077e+00,
          -3.0920220596896546e+00, -2.9998634168878149e+00,
          -3.1014321623020238e+00, -2.9198421073029235e+00,
          -3.0608431520286454e+00, 3.1169820275733704e+00,
          3.0001161906629674e+00, 3.0894852318047739e+00,
          -3.0761822252063231e+00, -2.9911269853371709e+00,
          -2.9712948148743425e+00, 3.1239219524117257e+00,
          2.9854406360529180e+00, 2.9693711040199999e+00,
          3.0245275013996453e+00, 3.0760549727420563e+00,
          3.0031009522959136e+00, -2.9567442556762908e+00,
          3.0535469569097207e+00, -2.9976099849268869e+00,
          -3.0391130400576905e+00, 3.0948923858659327e+00,
          3.1028546582105312e+00, -2.9852338449952858e+00,
          3.0178688606842998e+00, -3.0975015513881847e+00,
          -3.0533857513715694e+00, 3.0537977425677063e+00,
          -3.0539351480084895e+00, -3.0571593260541898e+00,
          3.0566247895235881e+00, -3.0256568747429720e+00,
          -3.1148879057677661e+00, 3.0306846194540551e+00,
          2.9919328407755663e+00, -3.0639076383690496e+00,
          3.1396963271726333e+00, 3.0948835606521095e+00,
          -3.0000639173427004e+00, 3.0795195071169110e+00,
          3.1355341436689699e+00, -3.1554097446957621e+00,
          -3.1302838299107227e+00, -1.5335234299285661e-01,
          1.4974049534265588e-01, 1.6969421094754200e-01,
          -1.7635371521014465e-01, -8.5377493831574502e-02,
          -3.0835841094502634e-02, 2.1320009507792687e-01,
          4.9015618197403819e-02, -2.5153287658117546e-01,
          8.3242390694740261e-03, 3.0522981835164276e-01,
          -2.7051826963199388e-01, 2.4758721317596352e-01,
          4.3035726907443402e-02, -1.1385498491687475e-02,
          -4.0694208143081911e-01, 8.2678098001845363e-02,
          -1.1303001858926857e-01, -3.7319720415365562e-02,
          1.4868193515761391e-01, 3.2725369032554397e-01,
          -2.6958165587685218e-01, -9.0896053740511767e-02,
          1.0645636900017755e-01, -1.7584131819783352e-01,
          -4.7080446837919954e-02, 8.4383010476081932e-02,
          3.2460708548822298e-02, 1.8083116744478497e-01,
          -1.0042309571338158e-01, -3.6518553260634673e-01,
          2.2648366594616245e-01, -1.1157372146302574e-01,
          1.0406968591973058e-03, -8.1843462381925178e-02,
          1.8548299755517433e-01, 1.0587073962668761e-01,
          4.1749886791239682e-01, 5.6298707797747795e-02,
          -2.0585188737655510e-01, -1.2404345188128574e-01,
          -3.0590730752107226e-01, -9.0785394785541609e-02,
          -7.0191213398948113e-02, -6.5645172263041771e-02,
          -1.7488077824173601e-01, -3.6134338879799054e-03,
          3.1262664524533822e-02, -2.3565843379616072e-01,
          7.3536486468193205e-02, 2.3287722231381514e-01,
          9.0578410710771429e-03, -1.1274172434530709e-01,
          -3.9574335190701232e-01, 2.3529758740795208e-02,
          -3.2314163847267235e-01, -8.1664150745929809e-02,
          6.5309649008226209e-02, -2.4247548137527045e-01,
          1.4206971026734519e-01, 3.0165470641163243e+00,
          -3.0463808358820921e+00, -3.1143378950456300e+00,
          -3.0615794913408783e+00, -2.9556067379429209e+00,
          3.0954753792992729e+00, -2.9990453783836362e+00,
          3.1200994242021332e+00, 3.0243866772593466e+00,
          -3.0864916341634308e+00, 2.9880149499641147e+00,
          3.0405041111128699e+00, -3.0980702782268899e+00,
          3.0235003164627914e+00, -3.1236573736185465e+00,
          -3.0848750696032856e+00, 3.0234483609304017e+00,
          -3.0833199352575926e+00, -3.0977256391773702e+00,
          -2.9604715584093459e+00, -3.0090070942705767e+00,
          -3.0151433548104012e+00, 3.0358197247603140e+00,
          3.0369040787271602e+00, -2.9722364959581760e+00,
          -3.1104500571961902e+00, -3.0767752586507418e+00,
          3.0110415591397595e+00, -3.0873496243029952e+00,
          -3.0774556914327644e+00, 3.1217762218672425e+00,
          -3.0803409109173661e+00, -3.0849265660299805e+00,
          -2.9991104736387362e+00, -3.0235325564500592e+00,
          -3.0087642875539093e+00, -3.0104496109840948e+00,
          3.0447055720794238e+00, 2.9998859170195957e+00,
          -3.1105701527586498e+00, -3.0793906307447672e+00,
          -3.1132266299402573e+00, 3.0056265326387619e+00,
          2.9880595776097669e+00, 2.9995523392793970e+00,
          3.0719709271842306e+00, -2.9829128048340023e+00,
          3.0451186131346644e+00, -3.0166849050964717e+00,
          -2.9926531433161112e+00, 2.9608324802473853e+00,
          -3.0031560428138566e+00, 3.0766285708718661e+00,
          3.1100071177479003e+00, -3.0709557177787783e+00,
          -3.0213150840049559e+00, -3.0923774772499186e+00,
          -2.9998918640623611e+00, -3.1015797254156894e+00,
          -2.9200566807030635e+00, -3.0610864094904802e+00,
          3.1167448560274034e+00, 3.0001734825396098e+00,
          3.0894854342908729e+00, -3.0760184555539798e+00,
          -2.9911274357443087e+00, -2.9713773566644037e+00,
          3.1236810512256281e+00, 2.9850251555798470e+00,
          2.9692443123914924e+00, 3.0243845858544303e+00,
          3.0761658890317554e+00, 3.0029594260060115e+00,
          -2.9567086051472655e+00, 3.0535694515587575e+00,
          -2.9978706156965860e+00, 3.0949742143238450e+00,
          3.1026353288279829e+00, -2.9855064331122572e+00,
          3.0176465804382984e+00, 3.1212841009240502e+00,
          -3.0532747957600952e+00, 3.0541786718324548e+00,
          -3.0536549441302392e+00, -3.0572419399987276e+00,
          3.0564649344722312e+00, -3.0257079785591228e+00,
          -3.1152260871829607e+00, 3.0305480595372849e+00,
          2.9919132703526001e+00, -3.0642521803217648e+00,
          3.1395754726510829e+00, 3.0946890913498373e+00,
          -3.0003509585186170e+00, 3.0792076528414412e+00,
          3.1357833576777399e+00, 3.1090614523989353e+00,
          -3.1296176272494285e+00, 3.0165070553734736e+00,
          -3.0460834848280713e+00, -3.1143070747086057e+00,
          -3.0615998024648468e+00, -2.9554596801411868e+00,
          3.0953781466241308e+00, -2.9987300139407020e+00,
          3.1201868472817109e+00, 3.0242807681545525e+00,
