%YAML:1.0
---
object_0:
   points: !!opencv-matrix
      rows: 3
      cols: 48
      dt: f
      data: [ 0., 1.92000002e-01, 3.84000003e-01, 5.75999975e-01, 0.,
          1.92000002e-01, 3.84000003e-01, 5.75999975e-01, 0.,
          1.92000002e-01, 3.84000003e-01, 5.75999975e-01, 0.,
          1.92000002e-01, 3.84000003e-01, 5.75999975e-01, 1.85664439e+00,
          1.69087338e+00, 1.52510238e+00, 1.35933137e+00, 1.85664594e+00,
          1.69087493e+00, 1.52510381e+00, 1.35933280e+00, 1.85664749e+00,
          1.69087648e+00, 1.52510536e+00, 1.35933435e+00, 1.85664904e+00,
          1.69087791e+00, 1.52510691e+00, 1.35933590e+00,
          -5.67990541e-01, -7.03274190e-01, -8.38557839e-01,
          -9.73841488e-01, -5.68700969e-01, -7.03984618e-01,
          -8.39268267e-01, -9.74551916e-01, -5.69411397e-01,
          -7.04695046e-01, -8.39978755e-01, -9.75262344e-01,
          -5.70121825e-01, -7.05405533e-01, -8.40689182e-01,
          -9.75972831e-01, 0., 0., 0., 0., 1.92000002e-01,
          1.92000002e-01, 1.92000002e-01, 1.92000002e-01, 3.84000003e-01,
          3.84000003e-01, 3.84000003e-01, 3.84000003e-01, 5.75999975e-01,
          5.75999975e-01, 5.75999975e-01, 5.75999975e-01, 5.76013505e-01,
          5.76011598e-01, 5.76009691e-01, 5.76007843e-01, 3.84013504e-01,
          3.84011596e-01, 3.84009719e-01, 3.84007812e-01, 1.92013502e-01,
          1.92011610e-01, 1.92009717e-01, 1.92007825e-01, 1.35300825e-05,
          1.16369993e-05, 9.74391514e-06, 7.85083103e-06, 5.74481308e-01,
          5.75487792e-01, 5.76494277e-01, 5.77500761e-01, 3.82483929e-01,
          3.83490443e-01, 3.84496927e-01, 3.85503411e-01, 1.90486565e-01,
          1.91493064e-01, 1.92499563e-01, 1.93506062e-01,
          -1.51076284e-03, -5.04268042e-04, 5.02226758e-04,
          1.50872138e-03, 0., 0., 0., 0., 0., 0., 0., 0., 0., 0., 0., 0.,
          0., 0., 0., 0., 4.55300808e-01, 3.58429968e-01, 2.61559129e-01,
          1.64688304e-01, 4.55301970e-01, 3.58431131e-01, 2.61560291e-01,
          1.64689466e-01, 4.55303133e-01, 3.58432293e-01, 2.61561453e-01,
          1.64690614e-01, 4.55304265e-01, 3.58433425e-01, 2.61562586e-01,
          1.64691761e-01, 2.04589427e-01, 3.40829372e-01, 4.77069288e-01,
          6.13309205e-01, 2.05302387e-01, 3.41542304e-01, 4.77782249e-01,
          6.14022136e-01, 2.06015348e-01, 3.42255265e-01, 4.78495210e-01,
          6.14735126e-01, 2.06728294e-01, 3.42968225e-01, 4.79208171e-01,
          6.15448058e-01 ]
