%YAML:1.0
---
object_0:
   poses: !!opencv-matrix
      rows: 6
      cols: 198
      dt: d
      data: [ 3.0726301701974355e+00, 2.6850697720821342e+00,
          -2.9872846568659117e+00, 3.0755839812611390e+00,
          2.8321297659376108e+00, 2.8749942448039429e+00,
          -2.8584844680142867e+00, 2.8007603248679289e+00,
          -2.8242140406303604e+00, -2.8537568127777657e+00,
          3.0304919835701334e+00, -3.0796659414978351e+00,
          -2.7079897197926517e+00, -2.9897757938804408e+00,
          2.9929845712535190e+00, 2.9229432204428978e+00,
          2.9989205704730693e+00, -2.8024168109177445e+00,
          3.0538656325666507e+00, -2.7646712830788873e+00,
          -2.8894704166640675e+00, 2.9432973189370673e+00,
          2.9012168546188697e+00, 3.0460572316214805e+00,
          -3.1370143927844722e+00, 2.7519662657020088e+00,
          -3.1160973533679241e+00, -3.0097191786104913e+00,
          2.9451173284331293e+00, -2.9328868841851321e+00,
          3.0462563727377767e+00, 3.0479749796456148e+00,
          -2.6883124510786542e+00, -2.8316220291829577e+00,
          -2.7150258798159719e+00, 3.0294567175319584e+00,
          -2.9533969600315544e+00, 2.8691491645029843e+00,
          -2.7173839525094325e+00, -2.9322074660438866e+00,
          2.9809056428939278e+00, 3.0110580777570473e+00,
          -3.1113018526278964e+00, -2.8870094191149076e+00,
          2.8565835081735496e+00, -2.9360433615371391e+00,
          -2.8685076972206844e+00, 3.1087269247423119e+00,
          -2.8937566622199431e+00, -2.9170690210775452e+00,
          3.0687018338902785e+00, 2.9482963186757085e+00,
          3.0529640863226919e+00, 2.9571692270772112e+00,
          3.0719595026473123e+00, 3.0577355331988811e+00,
          -3.0779385361835896e+00, -2.8754390245925010e+00,
          -3.1060233995927615e+00, 2.8270776008270269e+00,
          2.9471135680685308e+00, 2.9414832886419067e+00,
          2.8986904344322597e+00, -2.9986586503803432e+00,
          -2.9118182157632075e+00, -2.8159364079828384e+00,
          -3.0601508066295771e+00, 2.9580364301908957e+00,
          -2.7429333731395551e+00, -2.7821395677908871e+00,
          2.8845802532848888e+00, 3.0553861041522783e+00,
          -2.7425388492951033e+00, 3.0358224809833434e+00,
          2.9627483592343142e+00, -2.9378866011609581e+00,
          -3.0812754040143568e+00, -2.9477030518530327e+00,
          2.8590665235038495e+00, 2.9201982153355992e+00,
          -3.0756009650753495e+00, -2.9113044055733548e+00,
          2.9384153354162494e+00, 2.9320625102724018e+00,
          -2.9873380117965236e+00, 2.8629235759963096e+00,
          -2.7336352067025271e+00, 3.0618816708291772e+00,
          -2.9221580917933991e+00, 2.9628771883465239e+00,
          2.8903098167009098e+00, 3.0010789345541098e+00,
          2.8858299885171506e+00, 3.0913557064508650e+00,
          -2.8007696951916574e+00, 2.9742228149327112e+00,
          -3.0633072726879771e+00, 2.8694238897565065e+00,
          2.9228737604791415e+00, 3.0725669820394241e+00,
          2.6849767293881004e+00, -2.9872964586913664e+00,
          3.0754647172125029e+00, 2.8319962070156062e+00,
          2.8748864069963362e+00, -2.8586437114516765e+00,
          2.8008656757217523e+00, -2.8241892515565072e+00,
          -2.8538281335804969e+00, 3.0304701106634204e+00,
          -3.0796817785040385e+00, -2.7079098277598717e+00,
          -2.9895659183121341e+00, 2.9928359279372323e+00,
          2.9229078373309836e+00, 2.9987450459568419e+00,
          -2.8024940963253759e+00, 3.0536609419833010e+00,
          -2.7644889919454165e+00, -2.8895198544092242e+00,
          2.9431873475541832e+00, 2.9011214111559642e+00,
          3.0460948344775827e+00, -3.1370834022283538e+00,
          2.7518647587104494e+00, -3.1163424201328938e+00,
          -3.0098787679793158e+00, 2.9449859412824262e+00,
          -2.9329890536859824e+00, 3.0459934727710247e+00,
          3.0478842333092255e+00, -2.6882427161631886e+00,
          -2.8317065207406946e+00, -2.7151854587430142e+00,
          3.0293469713314747e+00, -2.9532478451635691e+00,
          2.8690300707400898e+00, -2.7174403229553601e+00,
          -2.9323804500338650e+00, 2.9808500923075005e+00,
          3.0108969423439209e+00, -3.1114449504558124e+00,
          -2.8871226318937726e+00, 2.8565193055804565e+00,
          -2.9361253899639697e+00, -2.8686207109502071e+00,
          3.1085074939539385e+00, -2.8938555019916108e+00,
          -2.9171244892536272e+00, 3.0685496804060972e+00,
          2.9480863962518158e+00, 3.0529690997690104e+00,
          2.9569947000581784e+00, 3.0719250135710059e+00,
          3.0575589457061509e+00, -3.0780488905817722e+00,
          -2.8755545538458067e+00, -3.1061915563957632e+00,
          2.8270603947443780e+00, 2.9471530799543113e+00,
          -2.9963046224265968e+00, 2.8985480476667478e+00,
          -2.9988361939265062e+00, -2.9120064805599020e+00,
          -2.8159474245653890e+00, -3.0601214688950793e+00,
          2.9578034311043906e+00, -2.7430976625624917e+00,
          -2.7822290124126332e+00, 2.8846256940164308e+00,
          3.0553441591966539e+00, -2.7426477189530045e+00,
          3.0358060322378031e+00, 2.9626667641651254e+00,
          -2.9375938395400927e+00, -3.0814538406631771e+00,
          -2.9478052698901243e+00, 2.8590200877714480e+00,
          2.9200169650673562e+00, -3.0758055560507116e+00,
          -2.9112534271018955e+00, 2.9382680312855762e+00,
          2.9319548774326920e+00, -2.9874164303985240e+00,
          2.8628012958241631e+00, -2.7337920005755136e+00,
          3.0618677752001711e+00, -2.9223257592523608e+00,
          2.9628009764225949e+00, 2.8902302709260312e+00,
          3.0011727284797671e+00, 2.8856828649682678e+00,
          3.0913089332018320e+00, -2.8008576559344012e+00,
          2.9741685144966294e+00, -3.0633912511807195e+00,
          2.8692773380974566e+00, 2.9227044689948705e+00,
          -2.6356220066541289e-03, -2.3328909558572471e-02,
          -1.2156756269359300e-02, 7.6974678612340315e-03,
          5.0902738179359329e-02, 1.8427292090804282e-02,
          7.1298471620156303e-02, 9.4757545016109501e-02,
          5.6379223230417080e-02, 4.2343907638810414e-02,
          -1.0659631887520071e-02, 3.1001803713603731e-03,
          1.2638664078451986e-01, 2.8183426828046840e-02,
          2.7307968723530893e-02, 7.8536963591285310e-03,
          2.5170690988190435e-02, 1.9247702432576536e-02,
          1.2332328444444537e-02, 1.0507447978034513e-01,
          2.2163007253803119e-02, -2.5381695351090479e-02,
          3.3112425885249192e-03, -1.0610055929813705e-02,
          -1.1112131749356079e-04, 4.2037157032965289e-02,
          1.5121704894552237e-03, -2.0166483274650444e-02,
          -3.9835340268696583e-02, -1.4678268348760350e-02,
          1.0299698489695875e-02, 7.4774948536064194e-03,
          1.4381690314501561e-01, -8.1778268118575692e-02,
          -7.9898737163014946e-02, -5.6593825035998078e-04,
          9.3492654216352743e-03, -6.7348105649745138e-02,
          9.1762604347803561e-02, 3.9958295437197471e-02,
          2.1251429920756553e-02, -1.0212092913740431e-02,
          -2.1930719032711987e-03, -3.6968689547760759e-02,
          -1.9762517088185119e-02, 3.3671898382555930e-02,
          1.7157931171045970e-02, 2.2570268702730928e-03,
          3.0718866894307566e-03, 2.4703091053494872e-02,
          -4.9708690976782398e-03, -3.1202241338607908e-02,
          -1.2035470838975416e-02, 3.4512588770246010e-02,
          1.7617245600512648e-03, 9.2592623888222581e-03,
          -6.0028051021606688e-03, -3.5580287191500476e-03,
          -3.2303295811923400e-03, -4.5776694490309355e-02,
          6.7536875014800940e-03, 1.5265902521881813e-02,
          2.0978115404735485e-03, 2.3674142870203047e-02,
          4.1273979289195996e-02, 3.3922279039508604e-02,
          -1.0582513278340899e-02, 2.6659686035727912e-02,
          1.1663631776880011e-01, -7.7378728051797338e-02,
