%YAML:1.0
---
nb_camera: 2
camera_0:
   camera_matrix: !!opencv-matrix
      rows: 3
      cols: 3
      dt: d
      data: [ 1.6347891195015277e+03, 0., 9.1146457108657808e+02, 0.,
          2.1797037150954507e+03, 6.8763658782140931e+02, 0., 0., 1. ]
   distortion_vector: !!opencv-matrix
      rows: 1
      cols: 5
      dt: d
      data: [ -7.3388510908051050e-05, 4.7167418524683467e-05,
          5.5625564417479858e-06, -3.0979406703643664e-06,
          3.1779845774934298e-04 ]
   distortion_type: 0
   camera_group: 0
   img_width: 1824
   img_height: 1376
   camera_pose_matrix: !!opencv-matrix
      rows: 4
      cols: 4
      dt: d
      data: [ 1., 0., 0., 0., 0., 1., 0., 0., 0., 0., 1., 0., 0., 0., 0.,
          1. ]
camera_1:
   camera_matrix: !!opencv-matrix
      rows: 3
      cols: 3
      dt: d
      data: [ 1.5795789438647630e+03, 0., 9.1157883071106028e+02, 0.,
          2.1060816300168904e+03, 6.8760910521582821e+02, 0., 0., 1. ]
   distortion_vector: !!opencv-matrix
      rows: 1
      cols: 5
      dt: d
      data: [ -1.9248380881547287e-04, 1.6026755019387909e-03,
          2.3553665774007975e-06, 1.0762698940808943e-05,
          -4.1484566216233153e-03 ]
   distortion_type: 0
   camera_group: 0
   img_width: 1824
   img_height: 1376
   camera_pose_matrix: !!opencv-matrix
      rows: 4
      cols: 4
      dt: d
      data: [ 9.9999999813787721e-01, 1.8495941390771656e-06,
          6.0998562321004574e-05, 7.0002304766453327e-01,
          -1.8487887903352639e-06, 9.9999999991113397e-01,
          -1.3202803335303772e-05, 4.0158152256348701e-06,
          -6.0998586735411499e-05, 1.3202690537260543e-05,
          9.9999999805243056e-01, -1.0159938039255938e-05, 0., 0., 0.,
          1. ]
