%YAML:1.0
---
object_0:
   poses: !!opencv-matrix
      rows: 6
      cols: 369
      dt: d
      data: [ 3.1055077868719008e+00, 3.0517946984775679e+00,
          -3.0935163560430117e+00, 3.0430662762869778e+00,
          -3.1017081615589661e+00, -3.0004147635319205e+00,
          3.0049178220642658e+00, 2.9582180360681694e+00,
          3.0882327783173564e+00, -3.1226096529086798e+00,
          3.0970604921900091e+00, -3.0505312329406928e+00,
          2.9594844245243985e+00, 3.0886533049140978e+00,
          -3.0175270372051597e+00, 3.0392806874741631e+00,
          -3.0863522127808052e+00, 2.9446427074820734e+00,
          -3.0163884741269209e+00, 3.1122886213974903e+00,
          -3.0605879960486857e+00, 3.1326391468650643e+00,
          -3.0673866728617400e+00, -3.1014378470203456e+00,
          -3.0444648953250026e+00, 3.0682294925929141e+00,
          3.0356691029534191e+00, 3.0821219546210816e+00,
          -3.1610338799769777e+00, -3.1308101194589417e+00,
          -2.9305002575707007e+00, 3.1129419032865098e+00,
          3.0994747996567078e+00, 2.9826851957940574e+00,
          3.0992683236821801e+00, 3.1043624544752229e+00,
          3.0451736789882311e+00, -3.0358876579038774e+00,
          -3.1070201509027693e+00, 3.0254486624872934e+00,
          2.9706503659406818e+00, -3.0400463864156588e+00,
          3.1031744694173162e+00, 3.0505666774856151e+00,
          2.9958918258443497e+00, 2.9933368083249920e+00,
          -3.0034477716350669e+00, 3.0247189421408507e+00,
          3.0924386156277190e+00, 3.0050702058149241e+00,
          3.0705340116597792e+00, -3.1042697392924121e+00,
          -2.9443453996868323e+00, -3.0830994107443233e+00,
          3.0641655324352808e+00, -3.0550317540621159e+00,
          3.0512083877167733e+00, 3.0160137361108843e+00,
          3.1297883903275361e+00, 3.0324394780891275e+00,
          3.0710926683533977e+00, -2.9881617541481984e+00,
          -3.0376414321743335e+00, -3.0387779707315659e+00,
          -2.9775973120779939e+00, -3.0665202084293490e+00,
          3.1161094617668010e+00, -3.1265420290460519e+00,
          3.0943959306448083e+00, -3.0640645704772855e+00,
          3.0857836189415098e+00, 3.0958624314006462e+00,
          2.9348846929188208e+00, 3.0050965997958956e+00,
          -3.0026221075927326e+00, -3.0812214336020189e+00,
          3.0632053674265451e+00, 3.0484206791856510e+00,
          3.0067811415920960e+00, 2.9783196314989948e+00,
          3.1186913433834818e+00, -3.1313666304772072e+00,
          3.0444245792048275e+00, 3.0621143469415597e+00,
          -3.0584540159987625e+00, -3.1272094681602511e+00,
          -3.0723020188886996e+00, 3.1368484146246054e+00,
          3.1306141237734115e+00, 3.0910883944637613e+00,
          -3.1054913376172473e+00, -2.9803902539890226e+00,
          -3.0272213001477808e+00, 3.0857358257333671e+00,
          -3.0181975130221574e+00, 3.0225023184270179e+00,
          3.0154164410563653e+00, -3.0512767035549979e+00,
          3.1342099857942411e+00, -2.1402643984565550e-02,
          -2.7044254145040629e-03, 1.2948281033043504e-01,
          -3.7964777259513438e-01, 2.1038927566324048e-01,
          -3.1944628081157633e-01, 1.0887071195813065e-01,
          -4.9615474140824650e-01, 1.2184296147965529e-01,
          -1.5261630674309024e-01, -6.7909638169228820e-02,
          3.9817031538876502e-02, -1.4063250181153694e-01,
          1.0832268411018595e-01, -8.3210626748646904e-02,
          5.7146761403692993e-02, 2.7926329846372732e-02,
          -5.1087869257401372e-02, -1.9504299773910047e-01,
          -1.9083826244634847e-01, -1.0158478691780956e-01,
          1.2535337643935301e-01, -4.1656121514520406e-01,
          -4.9766723702967725e-02, -1.1412000008359874e-01,
          -1.0003898127726013e-01, -2.8302678060600800e-01,
          1.5211102431544377e-01, -7.4410077551353201e-03,
          -1.4992402732765142e-01, 1.6095955236281370e-01,
          -2.1099690541845809e-01, -1.8690244684907620e-01,
          -3.3913951608320037e-01, -2.3262823828135309e-01,
          -3.4392386456692470e-01, 4.0078733493289720e-02,
          5.3138802322507298e-02, -2.7761818095337670e-01,
          4.2369307439101322e-01, -5.9799907615385027e-02,
          -2.7316062523235009e-02, 1.0962227934550912e-02,
          -4.1234089199761398e-01, -1.3734550921981450e-01,
          4.3531980466531917e-01, 1.8986555024124371e-02,
          2.1200853286085386e-01, -2.0850760122648757e-01,
          8.1730942907840845e-02, -1.0485363742998474e-01,
          1.0265769626454820e-01, -2.7225167844912651e-01,
          -1.6816200523799018e-03, -1.3733222454625232e-01,
          7.2798843382437056e-02, -1.3330101504672043e-01,
          -3.5406270446711091e-01, -2.3061900007230063e-01,
          2.4271875515785819e-02, 8.4994474229520660e-03,
          -3.7953851342266226e-01, -1.4874713197078726e-02,
          2.5558530692029663e-01, 9.2831788775551344e-02,
          -3.1915471250597856e-02, -9.4623699094650737e-02,
          -2.5532621615705087e-01, -7.4173799671601787e-02,
          2.2103056966172888e-01, -3.9065790770801861e-01,
          4.7828045491425203e-01, -3.0051592929907250e-01,
          -8.4238270158210421e-02, 5.6580577222774917e-02,
          -2.9598354840218468e-02, 2.1880739963567835e+00,
          2.1737382914295234e+00, -2.2886046595544967e+00,
          2.4361438658648873e+00, -2.0509915879751559e+00,
          -2.0952464903352142e+00, 2.0191543339745941e+00,
          1.9980246479523867e+00, 2.4174362440314048e+00,
          -2.1348130932473852e+00, 1.8397980787476658e+00,
          -2.2604090490580484e+00, 2.0859546111340581e+00,
          -2.2017582575101327e+00, 2.2171528278118187e+00,
          -2.1652123739404834e+00, 2.1266789207845411e+00,
          -1.9222741849033211e+00, 2.3055651791436280e+00,
          -2.2563654998435738e+00, 2.1584659750203956e+00,
          -2.5056632360963231e+00, -2.2415313801944632e+00,
          -2.1519229633713781e+00, 2.2196208726521514e+00,
          2.0279258997088712e+00, 2.0552620331512279e+00,
          2.2813503923178922e+00, -2.3042261791485283e+00,
          -1.7435061708539050e+00, 2.4963846184070442e+00,
          2.2349057418094787e+00, 2.1864847473474329e+00,
          2.2799388736775512e+00, 2.2724986399301397e+00,
          2.3704128754720450e+00, -2.0588135866035251e+00,
          -2.2092268887850333e+00, 2.0547651920504753e+00,
          2.1327822840058688e+00, -2.2821242566008202e+00,
          2.0513173478301869e+00, 2.0417693080775758e+00,
          2.3684627102100535e+00, 2.0057747145452591e+00,
          2.3993361186797153e+00, 2.0303387974795659e+00,
          2.2649411719075681e+00, 1.9383869763501969e+00,
          -2.1741279516960534e+00, -2.2292263186675747e+00,
          1.9832413435417577e+00, -1.8720951515895190e+00,
          2.2173166145696377e+00, 2.1758221510176843e+00,
          2.2078044181302254e+00, 1.8683206061552182e+00,
          2.2821585038713508e+00, -2.0867625962189837e+00,
          -1.8541739642258999e+00, -2.1820174007591779e+00,
          -1.8704158475628661e+00, -2.3320120751219431e+00,
          2.0596472753503510e+00, -2.1558922267493115e+00,
          2.2712397615531552e+00, -2.1088417919986302e+00,
          2.3837449701922622e+00, 2.1994656205732115e+00,
          1.8696946770579423e+00, 2.2478180843987965e+00,
          -2.1476689226285184e+00, -2.2420383789611540e+00,
          2.0863004285111408e+00, 2.4212551587103541e+00,
          1.9869137301455297e+00, 2.3240310414331300e+00,
          2.1925978732675224e+00, -2.2101436923287117e+00,
          1.8986172691440850e+00, 2.1700806398348274e+00,
          -2.3581790628598585e+00, -2.1482738061013054e+00,
          -2.2087189433450942e+00, 2.1518959397620461e+00,
          2.3943375589618237e+00, 2.2481297687016428e+00,
          -2.0455391382090413e+00, -2.2426672784054009e+00,
          -2.0692034211058363e+00, 2.4655769317257001e+00,
          -1.8121732576430765e+00, 1.9447399783310169e+00,
