%YAML:1.0
---
nb_camera: 4
camera_0:
   camera_matrix: !!opencv-matrix
      rows: 3
      cols: 3
      dt: d
      data: [ 1.6348200764418466e+03, 0., 9.1153919707324610e+02, 0.,
          2.1797513800598695e+03, 6.8737901071773626e+02, 0., 0., 1. ]
   distortion_vector: !!opencv-matrix
      rows: 1
      cols: 5
      dt: d
      data: [ 3.8273933592016917e-05, -7.0914944491719646e-04,
          -2.5391651794267296e-05, 8.2562851812695195e-06,
          1.5207698436034891e-03 ]
   distortion_type: 0
   camera_group: 0
   img_width: 1824
   img_height: 1376
   camera_pose_matrix: !!opencv-matrix
      rows: 4
      cols: 4
      dt: d
      data: [ 1., 0., 0., 0., 0., 1., 0., 0., 0., 0., 1., 0., 0., 0., 0.,
          1. ]
camera_1:
   camera_matrix: !!opencv-matrix
      rows: 3
      cols: 3
      dt: d
      data: [ 1.6348530898341130e+03, 0., 9.1152531217233241e+02, 0.,
          2.1797767305947191e+03, 6.8754070461393928e+02, 0., 0., 1. ]
   distortion_vector: !!opencv-matrix
      rows: 1
      cols: 5
      dt: d
      data: [ 6.2408174515827045e-05, -3.2352099954746649e-04,
          -1.4436713631807580e-05, -1.3390493573676689e-08,
          3.8190845225190918e-04 ]
   distortion_type: 0
   camera_group: 0
   img_width: 1824
   img_height: 1376
   camera_pose_matrix: !!opencv-matrix
      rows: 4
      cols: 4
      dt: d
      data: [ -9.9999999984366894e-01, 3.9668985422952588e-06,
          1.7231538039393920e-05, 1.8457960603739832e-05,
          3.9664734149869844e-06, 9.9999999968779396e-01,
          -2.4671430309709165e-05, 2.9792267109815876e-04,
          -1.7231635903075055e-05, -2.4671361957414722e-05,
          -9.9999999954719732e-01, -5.0000714229062027e-01, 0., 0., 0.,
          1. ]
camera_2:
   camera_matrix: !!opencv-matrix
      rows: 3
      cols: 3
      dt: d
      data: [ 1.5796398911085689e+03, 0., 9.1153759288606011e+02, 0.,
          2.1061846320123636e+03, 6.8745605035543952e+02, 0., 0., 1. ]
   distortion_vector: !!opencv-matrix
      rows: 1
      cols: 5
      dt: d
      data: [ -8.9339323856334199e-06, -3.6252628954156143e-05,
          -1.0454069825818364e-05, 1.2551812001403131e-05,
          2.5378115564407555e-04 ]
   distortion_type: 0
   camera_group: 0
   img_width: 1824
   img_height: 1376
   camera_pose_matrix: !!opencv-matrix
      rows: 4
      cols: 4
      dt: d
      data: [ -6.0702931293472861e-06, 2.3375632304031802e-05,
          9.9999999970836573e-01, 2.5004020314822428e-01,
          -4.7561097297669136e-05, 9.9999999859575406e-01,
          -2.3375920987826038e-05, -6.6436460816094226e-05,
          -9.9999999885054680e-01, -4.7561239182491251e-05,
          -6.0691813501006959e-06, -2.4999530212652080e-01, 0., 0., 0.,
          1. ]
camera_3:
   camera_matrix: !!opencv-matrix
      rows: 3
      cols: 3
      dt: d
      data: [ 1.5795942822860889e+03, 0., 9.1148736096714094e+02, 0.,
          2.1061129389754151e+03, 6.8741861464521673e+02, 0., 0., 1. ]
   distortion_vector: !!opencv-matrix
      rows: 1
      cols: 5
      dt: d
      data: [ -1.9968906171744774e-05, -2.8184402655166942e-06,
          -1.6241529167125794e-05, -2.8234596222299241e-06,
          4.3672650768789129e-05 ]
   distortion_type: 0
   camera_group: 0
   img_width: 1824
   img_height: 1376
   camera_pose_matrix: !!opencv-matrix
      rows: 4
      cols: 4
      dt: d
      data: [ -3.1737514688706325e-05, -3.2620143525195468e-05,
          -9.9999999896432823e-01, -2.5001927250000433e-01,
          5.3421192432472527e-05, 9.9999999804099593e-01,
          -3.2621838950957511e-05, -8.2808952111806602e-05,
          9.9999999806945339e-01, -5.3422227713238576e-05,
          -3.1735772019567971e-05, -2.5000540364177792e-01, 0., 0., 0.,
          1. ]
