%YAML:1.0
---
object_0:
   points: !!opencv-matrix
      rows: 3
      cols: 128
      dt: f
      data: [ 0., 1.92000002e-01, 3.84000003e-01, 5.75999975e-01, 0.,
          1.92000002e-01, 3.84000003e-01, 5.75999975e-01, 0.,
          1.92000002e-01, 3.84000003e-01, 5.75999975e-01, 0.,
          1.92000002e-01, 3.84000003e-01, 5.75999975e-01,
          -6.41196966e-01, -7.76485741e-01, -9.11774516e-01,
          -1.04706323e+00, -6.41901731e-01, -7.77190506e-01,
          -9.12479222e-01, -1.04776800e+00, -6.42606437e-01,
          -7.77895212e-01, -9.13183987e-01, -1.04847276e+00,
          -6.43311203e-01, -7.78599918e-01, -9.13888693e-01,
          -1.04917741e+00, 7.21843064e-01, 5.30427992e-01,
          3.39012951e-01, 1.47597954e-01, 7.18992352e-01, 5.27577341e-01,
          3.36162269e-01, 1.44747272e-01, 7.16141641e-01, 5.24726629e-01,
          3.33311588e-01, 1.41896591e-01, 7.13290989e-01, 5.21875918e-01,
          3.30460906e-01, 1.39045909e-01, -1.12248909e+00,
          -9.33274925e-01, -7.44060814e-01, -5.54846704e-01,
          -1.10209191e+00, -9.12877738e-01, -7.23663628e-01,
          -5.34449518e-01, -1.08169460e+00, -8.92480493e-01,
          -7.03266382e-01, -5.14052272e-01, -1.06129742e+00,
          -8.72083306e-01, -6.82869196e-01, -4.93655086e-01,
          3.38268542e+00, 3.34967995e+00, 3.31667471e+00, 3.28366923e+00,
          3.38250089e+00, 3.34949541e+00, 3.31648993e+00, 3.28348446e+00,
          3.38231635e+00, 3.34931087e+00, 3.31630540e+00, 3.28329992e+00,
          3.38213158e+00, 3.34912634e+00, 3.31612086e+00, 3.28311539e+00,
          2.97915316e+00, 3.02851725e+00, 3.07788134e+00, 3.12724543e+00,
          2.98072839e+00, 3.03009248e+00, 3.07945657e+00, 3.12882066e+00,
          2.98230362e+00, 3.03166771e+00, 3.08103180e+00, 3.13039613e+00,
          2.98387909e+00, 3.03324318e+00, 3.08260727e+00, 3.13197136e+00,
          -3.52172136e+00, -3.48872852e+00, -3.45573568e+00,
          -3.42274284e+00, -3.52292132e+00, -3.48992848e+00,
          -3.45693588e+00, -3.42394304e+00, -3.52412152e+00,
          -3.49112868e+00, -3.45813584e+00, -3.42514300e+00,
          -3.52532172e+00, -3.49232888e+00, -3.45933604e+00,
          -3.42634320e+00, -3.15131545e+00, -3.24845743e+00,
          -3.34559941e+00, -3.44274139e+00, -3.15126777e+00,
          -3.24840975e+00, -3.34555173e+00, -3.44269371e+00,
          -3.15122008e+00, -3.24836206e+00, -3.34550405e+00,
          -3.44264603e+00, -3.15117240e+00, -3.24831438e+00,
          -3.34545636e+00, -3.44259834e+00, 0., 0., 0., 0.,
          1.92000002e-01, 1.92000002e-01, 1.92000002e-01, 1.92000002e-01,
          3.84000003e-01, 3.84000003e-01, 3.84000003e-01, 3.84000003e-01,
          5.75999975e-01, 5.75999975e-01, 5.75999975e-01, 5.75999975e-01,
          4.99174953e-01, 5.00179946e-01, 5.01184881e-01, 5.02189875e-01,
          3.07177573e-01, 3.08182538e-01, 3.09187502e-01, 3.10192466e-01,
          1.15180209e-01, 1.16185181e-01, 1.17190145e-01, 1.18195109e-01,
          -7.68171325e-02, -7.58121610e-02, -7.48071969e-02,
          -7.38022327e-02, -1.61527663e-01, -1.64208859e-01,
          -1.66890055e-01, -1.69571251e-01, 3.04396674e-02,
          2.77584735e-02, 2.50772815e-02, 2.23960876e-02, 2.22406998e-01,
          2.19725817e-01, 2.17044622e-01, 2.14363426e-01, 4.14374322e-01,
          4.11693126e-01, 4.09011930e-01, 4.06330734e-01, 4.18248624e-01,
          4.39651400e-01, 4.61054146e-01, 4.82456893e-01, 2.27549106e-01,
          2.48951867e-01, 2.70354629e-01, 2.91757375e-01, 3.68495770e-02,
          5.82523346e-02, 7.96550959e-02, 1.01057850e-01,
          -1.53849915e-01, -1.32447168e-01, -1.11044407e-01,
          -8.96416530e-02, -9.13359597e-02, -9.43546817e-02,
          -9.73734036e-02, -1.00392126e-01, 1.00640006e-01,
          9.76212919e-02, 9.46025699e-02, 9.15838480e-02, 2.92615980e-01,
          2.89597243e-01, 2.86578536e-01, 2.83559829e-01, 4.84591931e-01,
          4.81573194e-01, 4.78554487e-01, 4.75535750e-01, 4.98861313e-01,
          4.96185660e-01, 4.93510008e-01, 4.90834326e-01, 3.06894243e-01,
          3.04218590e-01, 3.01542938e-01, 2.98867255e-01, 1.14927173e-01,
          1.12251513e-01, 1.09575853e-01, 1.06900193e-01,
          -7.70398751e-02, -7.97155350e-02, -8.23911950e-02,
          -8.50668550e-02, 5.86117685e-01, 5.79078376e-01,
          5.72039127e-01, 5.64999819e-01, 3.94246757e-01, 3.87207478e-01,
          3.80168200e-01, 3.73128921e-01, 2.02375844e-01, 1.95336565e-01,
          1.88297272e-01, 1.81257993e-01, 1.05049536e-02, 3.46567179e-03,
          -3.57361021e-03, -1.06128911e-02, 4.96654063e-01,
          4.99998838e-01, 5.03343642e-01, 5.06688416e-01, 3.04693818e-01,
          3.08038592e-01, 3.11383367e-01, 3.14728111e-01, 1.12733543e-01,
          1.16078317e-01, 1.19423084e-01, 1.22767858e-01,
          -7.92266950e-02, -7.58819208e-02, -7.25371540e-02,
          -6.91923797e-02, 0., 0., 0., 0., 0., 0., 0., 0., 0., 0., 0.,
          0., 0., 0., 0., 0., 2.17905477e-01, 3.54140341e-01,
          4.90375221e-01, 6.26610100e-01, 2.18621954e-01, 3.54856819e-01,
          4.91091698e-01, 6.27326548e-01, 2.19338417e-01, 3.55573297e-01,
          4.91808176e-01, 6.28042996e-01, 2.20054895e-01, 3.56289774e-01,
          4.92524654e-01, 6.28759503e-01, 6.72622871e+00, 6.74096298e+00,
          6.75569725e+00, 6.77043152e+00, 6.72412729e+00, 6.73886156e+00,
          6.75359583e+00, 6.76833010e+00, 6.72202587e+00, 6.73676014e+00,
          6.75149441e+00, 6.76622868e+00, 6.71992445e+00, 6.73465872e+00,
          6.74939299e+00, 6.76412725e+00, 6.76466942e+00, 6.78924465e+00,
          6.81381941e+00, 6.83839464e+00, 6.77370501e+00, 6.79828024e+00,
          6.82285547e+00, 6.84743071e+00, 6.78274059e+00, 6.80731583e+00,
          6.83189106e+00, 6.85646629e+00, 6.79177666e+00, 6.81635141e+00,
          6.84092665e+00, 6.86550188e+00, 2.85870147e+00, 3.04781938e+00,
          3.23693705e+00, 3.42605472e+00, 2.86173368e+00, 3.05085135e+00,
          3.23996925e+00, 3.42908692e+00, 2.86476588e+00, 3.05388355e+00,
          3.24300122e+00, 3.43211913e+00, 2.86779785e+00, 3.05691576e+00,
          3.24603343e+00, 3.43515110e+00, 4.64288998e+00, 4.45736361e+00,
          4.27183723e+00, 4.08631086e+00, 4.64607763e+00, 4.46055126e+00,
          4.27502489e+00, 4.08949900e+00, 4.64926529e+00, 4.46373892e+00,
          4.27821302e+00, 4.09268665e+00, 4.65245342e+00, 4.46692705e+00,
          4.28140068e+00, 4.09587431e+00, 3.78057718e+00, 3.96959019e+00,
          4.15860319e+00, 4.34761620e+00, 3.77364087e+00, 3.96265388e+00,
          4.15166712e+00, 4.34067965e+00, 3.76670456e+00, 3.95571756e+00,
          4.14473057e+00, 4.33374357e+00, 3.75976849e+00, 3.94878149e+00,
          4.13779449e+00, 4.32680750e+00, 2.70089960e+00, 2.86647797e+00,
          3.03205657e+00, 3.19763517e+00, 2.70480514e+00, 2.87038374e+00,
          3.03596234e+00, 3.20154071e+00, 2.70871091e+00, 2.87428951e+00,
          3.03986788e+00, 3.20544648e+00, 2.71261668e+00, 2.87819505e+00,
          3.04377365e+00, 3.20935225e+00 ]
