%YAML:1.0
---
object_0:
   points: !!opencv-matrix
      rows: 5
      cols: 64
      dt: f
      data: [ 0., 3.70000005e-02, 7.40000010e-02, 1.11000001e-01, 0.,
          3.70000005e-02, 7.40000010e-02, 1.11000001e-01, 0.,
          3.70000005e-02, 7.40000010e-02, 1.11000001e-01, 0.,
          3.70000005e-02, 7.40000010e-02, 1.11000001e-01,
          -7.15345237e-03, 2.97990385e-02, 6.67515248e-02,
          1.03704020e-01, -8.89844913e-03, 2.80540418e-02,
          6.50065318e-02, 1.01959020e-01, -1.06434450e-02,
          2.63090450e-02, 6.32615313e-02, 1.00214027e-01,
          -1.23884417e-02, 2.45640483e-02, 6.15165383e-02,
          9.84690264e-02, 5.98484240e-02, 2.31436156e-02,
          -1.35611948e-02, -5.02660051e-02, 5.62668853e-02,
          1.95620768e-02, -1.71427336e-02, -5.38475439e-02,
          5.26853465e-02, 1.59805380e-02, -2.07242724e-02,
          -5.74290827e-02, 4.91038077e-02, 1.23989992e-02,
          -2.43058112e-02, -6.10106215e-02, 2.37327833e-02,
          -1.31059764e-02, -4.99447361e-02, -8.67834985e-02,
          2.07999162e-02, -1.60388444e-02, -5.28776050e-02,
          -8.97163674e-02, 1.78670492e-02, -1.89717114e-02,
          -5.58104701e-02, -9.26492289e-02, 1.49341812e-02,
          -2.19045784e-02, -5.87433390e-02, -9.55820978e-02, 0., 0., 0.,
          0., 3.70000005e-02, 3.70000005e-02, 3.70000005e-02,
          3.70000005e-02, 7.40000010e-02, 7.40000010e-02, 7.40000010e-02,
          7.40000010e-02, 1.11000001e-01, 1.11000001e-01, 1.11000001e-01,
          1.11000001e-01, 2.88385749e-01, 2.89970666e-01, 2.91555583e-01,
          2.93140501e-01, 3.24686646e-01, 3.26271594e-01, 3.27856511e-01,
          3.29441428e-01, 3.60987574e-01, 3.62572521e-01, 3.64157438e-01,
          3.65742356e-01, 3.97288501e-01, 3.98873419e-01, 4.00458366e-01,
          4.02043283e-01, -3.25699836e-01, -3.22575033e-01,
          -3.19450259e-01, -3.16325456e-01, -3.26981872e-01,
          -3.23857099e-01, -3.20732296e-01, -3.17607522e-01,
          -3.28263938e-01, -3.25139135e-01, -3.22014362e-01,
          -3.18889558e-01, -3.29545975e-01, -3.26421171e-01,
          -3.23296398e-01, -3.20171595e-01, -2.36774161e-01,
          -2.37269893e-01, -2.37765640e-01, -2.38261372e-01,
          -2.12986037e-01, -2.13481769e-01, -2.13977501e-01,
          -2.14473248e-01, -1.89197913e-01, -1.89693645e-01,
          -1.90189376e-01, -1.90685108e-01, -1.65409774e-01,
          -1.65905520e-01, -1.66401252e-01, -1.66896984e-01, 0., 0., 0.,
          0., 0., 0., 0., 0., 0., 0., 0., 0., 0., 0., 0., 0.,
          -2.40091160e-02, -2.30083540e-02, -2.20075939e-02,
          -2.10068319e-02, -1.70666296e-02, -1.60658676e-02,
          -1.50651066e-02, -1.40643446e-02, -1.01241423e-02,
          -9.12338123e-03, -8.12261924e-03, -7.12185819e-03,
          -3.18165543e-03, -2.18089391e-03, -1.18013250e-03,
          -1.79371142e-04, 4.17417407e-01, 4.13954377e-01,
          4.10491318e-01, 4.07028288e-01, 4.54221338e-01, 4.50758278e-01,
          4.47295249e-01, 4.43832219e-01, 4.91025269e-01, 4.87562209e-01,
          4.84099180e-01, 4.80636120e-01, 5.27829170e-01, 5.24366140e-01,
          5.20903111e-01, 5.17440081e-01, 7.22121596e-01, 7.18706906e-01,
          7.15292215e-01, 7.11877525e-01, 7.50308871e-01, 7.46894181e-01,
          7.43479490e-01, 7.40064859e-01, 7.78496146e-01, 7.75081456e-01,
          7.71666825e-01, 7.68252134e-01, 8.06683481e-01, 8.03268790e-01,
          7.99854100e-01, 7.96439409e-01, 0., 0., 0., 0., 0., 0., 0., 0.,
          0., 0., 0., 0., 0., 0., 0., 0., 1., 1., 1., 1., 1., 1., 1., 1.,
          1., 1., 1., 1., 1., 1., 1., 1., 2., 2., 2., 2., 2., 2., 2., 2.,
          2., 2., 2., 2., 2., 2., 2., 2., 3., 3., 3., 3., 3., 3., 3., 3.,
          3., 3., 3., 3., 3., 3., 3., 3., 0., 1., 2., 3., 4., 5., 6., 7.,
          8., 9., 10., 11., 12., 13., 14., 15., 0., 1., 2., 3., 4., 5.,
          6., 7., 8., 9., 10., 11., 12., 13., 14., 15., 0., 1., 2., 3.,
          4., 5., 6., 7., 8., 9., 10., 11., 12., 13., 14., 15., 0., 1.,
          2., 3., 4., 5., 6., 7., 8., 9., 10., 11., 12., 13., 14., 15. ]
