%YAML:1.0
---
nb_camera: 6
camera_0:
   camera_matrix: !!opencv-matrix
      rows: 3
      cols: 3
      dt: d
      data: [ 1.2024404784351734e+03, 0., 3.5661748375763608e+02, 0.,
          1.4300092985509898e+03, -3.5224108047456170e+01, 0., 0., 1. ]
   distortion_vector: !!opencv-matrix
      rows: 1
      cols: 5
      dt: d
      data: [ 3.3618306363129363e-01, -7.5684095837581058e+00,
          -5.9746808965369227e-02, 2.6815299620599646e-04,
          2.0944211914180119e+01 ]
   distortion_type: 0
   camera_group: 0
   img_width: 640
   img_height: 480
   camera_pose_matrix: !!opencv-matrix
      rows: 4
      cols: 4
      dt: d
      data: [ 1., 0., 0., 0., 0., 1., 0., 0., 0., 0., 1., 0., 0., 0., 0.,
          1. ]
camera_1:
   camera_matrix: !!opencv-matrix
      rows: 3
      cols: 3
      dt: d
      data: [ 8.7373284486860393e+02, 0., 3.3942723439614178e+02, 0.,
          8.0095705551256208e+02, 5.7482797074256428e+02, 0., 0., 1. ]
   distortion_vector: !!opencv-matrix
      rows: 1
      cols: 5
      dt: d
      data: [ -5.7432688560940837e-01, 2.5563200115276485e-01,
          -1.9958805797635787e-01, -5.8247542371140269e-03,
          -2.7927540542441769e-02 ]
   distortion_type: 0
   camera_group: 0
   img_width: 640
   img_height: 480
   camera_pose_matrix: !!opencv-matrix
      rows: 4
      cols: 4
      dt: d
      data: [ 9.9965204548772857e-01, 2.5500013587232147e-02,
          -6.7481300558888853e-03, 4.3623084079829573e-02,
          -1.8468661144641154e-02, 8.5928103675163081e-01,
          5.1117023430024489e-01, 5.5267381472662747e-02,
          1.8833388110603921e-02, -5.1086774138331903e-01,
          8.5945299714771006e-01, 2.3802299272029423e-01, 0., 0., 0., 1. ]
camera_2:
   camera_matrix: !!opencv-matrix
      rows: 3
      cols: 3
      dt: d
      data: [ 3.3288274650387945e+02, 0., 2.9992335634564779e+02, 0.,
          3.4646873032603992e+02, 1.8877919515971323e+02, 0., 0., 1. ]
   distortion_vector: !!opencv-matrix
      rows: 1
      cols: 5
      dt: d
      data: [ -2.8243934435190288e-01, 1.9706241764372519e-02,
          7.6397568987055502e-03, -4.6931924861176267e-03,
          -2.2697340851740122e-04 ]
   distortion_type: 0
   camera_group: 0
   img_width: 640
   img_height: 480
   camera_pose_matrix: !!opencv-matrix
      rows: 4
      cols: 4
      dt: d
      data: [ -9.9698341079891861e-01, -5.9482979152080881e-02,
          -4.9858337145834687e-02, -1.2634640199557470e-01,
          -7.1424167955382423e-02, 4.5172680158515782e-01,
          8.8929268801757522e-01, 6.4659868846009549e-01,
          -3.0375431250205042e-02, 8.9017114754458093e-01,
          -4.5461264968710197e-01, 1.0385157327642223e+00, 0., 0., 0.,
          1. ]
camera_3:
   camera_matrix: !!opencv-matrix
      rows: 3
      cols: 3
      dt: d
      data: [ 3.4444276046947505e+02, 0., 2.6877919740488045e+02, 0.,
          3.6068721606215763e+02, 1.8023654670477464e+02, 0., 0., 1. ]
   distortion_vector: !!opencv-matrix
      rows: 1
      cols: 5
      dt: d
      data: [ -2.8850209024271184e-01, 2.0213943471354769e-02,
          5.5432899456929760e-03, -1.7169447707922027e-02,
          -3.5047942070232422e-04 ]
   distortion_type: 0
   camera_group: 0
   img_width: 640
   img_height: 480
   camera_pose_matrix: !!opencv-matrix
      rows: 4
      cols: 4
      dt: d
      data: [ -9.9034266096634227e-01, -9.8153134126854238e-02,
          -9.7915147608428177e-02, -1.0570567163205034e-01,
          -1.3065743015713943e-01, 4.2454707948807491e-01,
          8.9592879920386448e-01, 6.1602069643729662e-01,
          -4.6368629641566399e-02, 9.0006985259990890e-01,
          -4.3327152067259317e-01, 1.0229579192995168e+00, 0., 0., 0.,
          1. ]
camera_4:
   camera_matrix: !!opencv-matrix
      rows: 3
      cols: 3
      dt: d
      data: [ 1.5524873490146771e+02, 0., 4.8562595157220028e+02, 0.,
          6.9986277559884184e+02, 5.7001273819609276e+02, 0., 0., 1. ]
   distortion_vector: !!opencv-matrix
      rows: 1
      cols: 5
      dt: d
      data: [ -3.4957285172582797e-01, -1.8165973610488112e-01,
          -1.9117163482223537e-01, -1.2037544330828233e-01,
          4.9054846382704402e-02 ]
   distortion_type: 0
   camera_group: 0
   img_width: 640
   img_height: 480
   camera_pose_matrix: !!opencv-matrix
      rows: 4
      cols: 4
      dt: d
      data: [ 5.5514005723621840e-01, -7.0576625562051021e-01,
          4.4012896891612618e-01, -7.8429964245874506e-01,
          1.1316938257705872e-01, 5.8832628269929854e-01,
          8.0066527084191197e-01, -1.5647124294829898e-01,
          -8.2402197039817748e-01, -3.9467224061571587e-01,
          4.0647461764355602e-01, -8.9615336101859667e-03, 0., 0., 0.,
          1. ]
camera_5:
   camera_matrix: !!opencv-matrix
      rows: 3
      cols: 3
      dt: d
      data: [ 6.2119699508895098e+02, 0., 3.2048014563028471e+02, 0.,
          6.8704674889763294e+02, 2.7426835079305687e+02, 0., 0., 1. ]
   distortion_vector: !!opencv-matrix
      rows: 1
      cols: 5
      dt: d
      data: [ -1.3730463330416423e+00, 1.1358770802103451e+00,
          -2.8822304885454386e-01, 2.6224194980183574e-03,
          -3.2696183881298524e-01 ]
   distortion_type: 0
   camera_group: 0
   img_width: 640
   img_height: 480
   camera_pose_matrix: !!opencv-matrix
      rows: 4
      cols: 4
      dt: d
      data: [ 8.8487409104653758e-01, 1.8032098731957838e-01,
          -4.2951389328711631e-01, 9.8707709797222221e-01,
          -3.2953350519519636e-01, 8.9400996425829793e-01,
          -3.0356853058353139e-01, 1.7603061392450936e+00,
          3.2924992323208119e-01, 4.1015914635537443e-01,
          8.5050806152128822e-01, -1.1739250961828089e+00, 0., 0., 0.,
          1. ]
