%YAML:1.0
---
nb_camera: 2
camera_0:
   camera_matrix: !!opencv-matrix
      rows: 3
      cols: 3
      dt: d
      data: [ 1630, 0., 9.1146468798158264e+02, 0.,
          2.1797032358361621e+03, 6.8763691352329556e+02, 0., 0., 1. ]
   distortion_vector: !!opencv-matrix
      rows: 1
      cols: 5
      dt: d
      data: [ -7.3812166083787799e-05, 4.7774208005447305e-05,
          5.6243530429895679e-06, -3.0621054465601958e-06,
          3.1755201885822122e-04 ]
   distortion_type: 0
   camera_group: 0
   img_width: 1824
   img_height: 1376
   camera_pose_matrix: !!opencv-matrix
      rows: 4
      cols: 4
      dt: d
      data: [ 1., 0., 0., 0., 0., 1., 0., 0., 0., 0., 1., 0., 0., 0., 0.,
          1. ]
camera_1:
   camera_matrix: !!opencv-matrix
      rows: 3
      cols: 3
      dt: d
      data: [ 1.5795783985311441e+03, 0., 9.1157910059813605e+02, 0.,
          2.1060807531599480e+03, 6.8760919322690427e+02, 0., 0., 1. ]
   distortion_vector: !!opencv-matrix
      rows: 1
      cols: 5
      dt: d
      data: [ -1.9362776472262112e-04, 1.6122934783909253e-03,
          2.3820728410158925e-06, 1.0803558599219270e-05,
          -4.1702229071162254e-03 ]
   distortion_type: 0
   camera_group: 0
   img_width: 1824
   img_height: 1376
   camera_pose_matrix: !!opencv-matrix
      rows: 4
      cols: 4
      dt: d
      data: [ 9.9999999813193841e-01, 1.8650659959239884e-06,
          6.1095371627965987e-05, 7.0002306397395087e-01,
          -1.8642498520046799e-06, 9.9999999990903643e-01,
          -1.3358576842974616e-05, 4.1408830155129085e-06,
          -6.1095396537036439e-05, 1.3358462920980286e-05,
          9.9999999804445183e-01, -9.7392163248664243e-06, 0., 0., 0.,
          1. ]
