%YAML:1.0
---
nb_camera: 4
K_1: !!opencv-matrix
   rows: 3
   cols: 3
   dt: d
   data: [ 1.6348430175781250e+03, 0., 912., 0., 2.1671174316406250e+03,
       688., 0., 0., 1. ]
P_1: !!opencv-matrix
   rows: 4
   cols: 4
   dt: d
   data: [ 1., 0., 0., 0., 0., 1., 0., 0., 0., 0., 1., 0., 0., 0., 0.,
       1. ]
K_2: !!opencv-matrix
   rows: 3
   cols: 3
   dt: d
   data: [ 1.6348430175781250e+03, 0., 912., 0., 2.1671174316406250e+03,
       688., 0., 0., 1. ]
P_2: !!opencv-matrix
   rows: 4
   cols: 4
   dt: d
   data: [ -1., 0., 8.7422776573475858e-08, 0., 0., 1., 0., 0.,
       -8.7422776573475858e-08, 0., -1., -6., 0., 0., 0., 1. ]
K_3: !!opencv-matrix
   rows: 3
   cols: 3
   dt: d
   data: [ 1.6348430175781250e+03, 0., 912., 0., 2.1671174316406250e+03,
       688., 0., 0., 1. ]
P_3: !!opencv-matrix
   rows: 4
   cols: 4
   dt: d
   data: [ -4.3711388286737929e-08, 0., -1., -3., 0., 1., 0., 0., 1., 0.,
       -4.3711388286737929e-08, -3., 0., 0., 0., 1. ]
K_4: !!opencv-matrix
   rows: 3
   cols: 3
   dt: d
   data: [ 1.6348430175781250e+03, 0., 912., 0., 2.1671174316406250e+03,
       688., 0., 0., 1. ]
P_4: !!opencv-matrix
   rows: 4
   cols: 4
   dt: d
   data: [ -4.3711388286737929e-08, 0., 1., 3., 0., 1., 0., 0., -1., 0.,
       -4.3711388286737929e-08, -3., 0., 0., 0., 1. ]
