%YAML:1.0
---
nb_camera: 4
camera_0:
   camera_matrix: !!opencv-matrix
      rows: 3
      cols: 3
      dt: d
      data: [ 3.9008200180447403e+02, 0., 3.1449535761144506e+02, 0.,
          3.8946085247397423e+02, 2.5248498321064667e+02, 0., 0., 1. ]
   distortion_vector: !!opencv-matrix
      rows: 1
      cols: 5
      dt: d
      data: [ -2.2486119211444614e-02, 1.3407398539863855e-01,
          9.1212392769078783e-03, -2.5700250669451353e-03,
          -1.8711135309753704e-01 ]
   distortion_type: 0
   camera_group: 0
   img_width: 640
   img_height: 480
   camera_pose_matrix: !!opencv-matrix
      rows: 4
      cols: 4
      dt: d
      data: [ 1., 0., 0., 0., 0., 1., 0., 0., 0., 0., 1., 0., 0., 0., 0.,
          1. ]
camera_1:
   camera_matrix: !!opencv-matrix
      rows: 3
      cols: 3
      dt: d
      data: [ 3.9085443526726704e+02, 0., 3.2235648066871863e+02, 0.,
          3.9178113963039277e+02, 2.5675521356202273e+02, 0., 0., 1. ]
   distortion_vector: !!opencv-matrix
      rows: 1
      cols: 5
      dt: d
      data: [ 9.7879603558128064e-03, -1.0426664209160282e-02,
          1.0135772275871367e-02, 6.1074340871157913e-03,
          1.7799352068296696e-02 ]
   distortion_type: 0
   camera_group: 0
   img_width: 640
   img_height: 480
   camera_pose_matrix: !!opencv-matrix
      rows: 4
      cols: 4
      dt: d
      data: [ 9.9988019314038235e-01, 9.4471537391247211e-04,
          1.5450141695596518e-02, 5.2145700108415322e-02,
          -1.0238781009230915e-03, 9.9998638570592535e-01,
          5.1166469914087249e-03, 3.2087416016400804e-03,
          -1.5445097577748311e-02, -5.1318530437391959e-03,
          9.9986754775077635e-01, -1.1290911171916768e-03, 0., 0., 0.,
          1. ]
camera_2:
   camera_matrix: !!opencv-matrix
      rows: 3
      cols: 3
      dt: d
      data: [ 3.8753099983119165e+02, 0., 3.1789084365173989e+02, 0.,
          3.8853519690010887e+02, 2.4968384941246231e+02, 0., 0., 1. ]
   distortion_vector: !!opencv-matrix
      rows: 1
      cols: 5
      dt: d
      data: [ 1.7519080037615758e-03, 2.0684688440185062e-01,
          1.3240752646929584e-02, -4.6900292879681017e-03,
          -2.9840368976613019e-01 ]
   distortion_type: 0
   camera_group: 0
   img_width: 640
   img_height: 480
   camera_pose_matrix: !!opencv-matrix
      rows: 4
      cols: 4
      dt: d
      data: [ 6.7757028323158341e-01, -6.8016306780912097e-02,
          -7.3230614724536924e-01, 2.8102934008753283e-01,
          -5.7557152294764151e-02, 9.8775649706804391e-01,
          -1.4499750590815128e-01, 1.7031215281566597e-01,
          7.3320234962879749e-01, 1.4039545758945293e-01,
          6.6535962455431485e-01, 1.7787760008084033e-01, 0., 0., 0., 1. ]
camera_3:
   camera_matrix: !!opencv-matrix
      rows: 3
      cols: 3
      dt: d
      data: [ 3.8345853593003676e+02, 0., 3.1522524707264000e+02, 0.,
          3.8394755315679936e+02, 2.5342604158053896e+02, 0., 0., 1. ]
   distortion_vector: !!opencv-matrix
      rows: 1
      cols: 5
      dt: d
      data: [ -1.4786800944882952e-02, 1.5864248011638087e-02,
          6.7857552289693783e-03, 1.3360716431150819e-03,
          -2.4492796828549188e-02 ]
   distortion_type: 0
   camera_group: 0
   img_width: 640
   img_height: 480
   camera_pose_matrix: !!opencv-matrix
      rows: 4
      cols: 4
      dt: d
      data: [ 6.6250816726334871e-01, -6.0502479566669584e-02,
          -7.4660724499273601e-01, 3.1560394697881378e-01,
          -7.0537406169265709e-02, 9.8726426371896980e-01,
          -1.4259645126843962e-01, 1.6967587819000698e-01,
          7.4572609089415043e-01, 1.4713505207708041e-01,
          6.4980294998561217e-01, 2.2516414796355783e-01, 0., 0., 0., 1. ]
