%YAML:1.0
---
object_0:
   points: !!opencv-matrix
      rows: 5
      cols: 32
      dt: f
      data: [ 0., 3.70000005e-02, 7.40000010e-02, 1.11000001e-01, 0.,
          3.70000005e-02, 7.40000010e-02, 1.11000001e-01, 0.,
          3.70000005e-02, 7.40000010e-02, 1.11000001e-01, 0.,
          3.70000005e-02, 7.40000010e-02, 1.11000001e-01,
          -2.42002025e-01, -2.05006689e-01, -1.68011338e-01,
          -1.31015986e-01, -2.41583720e-01, -2.04588369e-01,
          -1.67593017e-01, -1.30597681e-01, -2.41165400e-01,
          -2.04170048e-01, -1.67174697e-01, -1.30179361e-01,
          -2.40747079e-01, -2.03751728e-01, -1.66756392e-01,
          -1.29761040e-01, 0., 0., 0., 0., 3.70000005e-02,
          3.70000005e-02, 3.70000005e-02, 3.70000005e-02, 7.40000010e-02,
          7.40000010e-02, 7.40000010e-02, 7.40000010e-02, 1.11000001e-01,
          1.11000001e-01, 1.11000001e-01, 1.11000001e-01, 3.66278854e-03,
          3.24839144e-03, 2.83399457e-03, 2.41959770e-03, 4.06587832e-02,
          4.02443856e-02, 3.98299918e-02, 3.94155942e-02, 7.76547790e-02,
          7.72403851e-02, 7.68259838e-02, 7.64115900e-02, 1.14650771e-01,
          1.14236377e-01, 1.13821983e-01, 1.13407582e-01, 0., 0., 0., 0.,
          0., 0., 0., 0., 0., 0., 0., 0., 0., 0., 0., 0., 2.16778810e-03,
          1.75228075e-03, 1.33677339e-03, 9.21266153e-04, 2.51617376e-03,
          2.10066652e-03, 1.68515916e-03, 1.26965181e-03, 2.86455965e-03,
          2.44905218e-03, 2.03354494e-03, 1.61803758e-03, 3.21294530e-03,
          2.79743806e-03, 2.38193059e-03, 1.96642336e-03, 0., 0., 0., 0.,
          0., 0., 0., 0., 0., 0., 0., 0., 0., 0., 0., 0., 1., 1., 1., 1.,
          1., 1., 1., 1., 1., 1., 1., 1., 1., 1., 1., 1., 0., 1., 2., 3.,
          4., 5., 6., 7., 8., 9., 10., 11., 12., 13., 14., 15., 0., 1.,
          2., 3., 4., 5., 6., 7., 8., 9., 10., 11., 12., 13., 14., 15. ]
