%YAML:1.0
---
object_0:
   points: !!opencv-matrix
      rows: 5
      cols: 64
      dt: f
      data: [ 0., 3.70000005e-02, 7.40000010e-02, 1.11000001e-01, 0.,
          3.70000005e-02, 7.40000010e-02, 1.11000001e-01, 0.,
          3.70000005e-02, 7.40000010e-02, 1.11000001e-01, 0.,
          3.70000005e-02, 7.40000010e-02, 1.11000001e-01,
          -1.96892302e-03, 3.50256115e-02, 7.20201433e-02,
          1.09014682e-01, -2.22976389e-03, 3.47647704e-02,
          7.17593059e-02, 1.08753838e-01, -2.49060453e-03,
          3.45039293e-02, 7.14984685e-02, 1.08493000e-01,
          -2.75144540e-03, 3.42430882e-02, 7.12376237e-02,
          1.08232155e-01, 9.26377773e-02, 5.57072759e-02, 1.87767725e-02,
          -1.81537326e-02, 9.09952819e-02, 5.40647805e-02,
          1.71342753e-02, -1.97962280e-02, 8.93527865e-02,
          5.24222814e-02, 1.54917780e-02, -2.14387253e-02,
          8.77102911e-02, 5.07797860e-02, 1.38492817e-02,
          -2.30812225e-02, 6.99907616e-02, 3.31209302e-02,
          -3.74890631e-03, -4.06187400e-02, 6.80065975e-02,
          3.11367586e-02, -5.73307648e-03, -4.26029116e-02,
          6.60224259e-02, 2.91525889e-02, -7.71724666e-03,
          -4.45870832e-02, 6.40382543e-02, 2.71684192e-02,
          -9.70141683e-03, -4.65712510e-02, 0., 0., 0., 0.,
          3.70000005e-02, 3.70000005e-02, 3.70000005e-02, 3.70000005e-02,
          7.40000010e-02, 7.40000010e-02, 7.40000010e-02, 7.40000010e-02,
          1.11000001e-01, 1.11000001e-01, 1.11000001e-01, 1.11000001e-01,
          2.99104959e-01, 2.99582273e-01, 3.00059557e-01, 3.00536871e-01,
          3.32792819e-01, 3.33270133e-01, 3.33747417e-01, 3.34224731e-01,
          3.66480678e-01, 3.66957963e-01, 3.67435277e-01, 3.67912561e-01,
          4.00168508e-01, 4.00645822e-01, 4.01123106e-01, 4.01600420e-01,
          -4.47054505e-01, -4.45549786e-01, -4.44045097e-01,
          -4.42540377e-01, -4.45749193e-01, -4.44244474e-01,
          -4.42739785e-01, -4.41235065e-01, -4.44443882e-01,
          -4.42939162e-01, -4.41434473e-01, -4.39929754e-01,
          -4.43138570e-01, -4.41633850e-01, -4.40129161e-01,
          -4.38624442e-01, -3.30521077e-01, -3.30796897e-01,
          -3.31072718e-01, -3.31348538e-01, -3.00101608e-01,
          -3.00377458e-01, -3.00653279e-01, -3.00929099e-01,
          -2.69682169e-01, -2.69957989e-01, -2.70233810e-01,
          -2.70509660e-01, -2.39262715e-01, -2.39538550e-01,
          -2.39814371e-01, -2.40090206e-01, 0., 0., 0., 0., 0., 0., 0.,
          0., 0., 0., 0., 0., 0., 0., 0., 0., 3.06213256e-02,
          3.02010663e-02, 2.97808070e-02, 2.93605477e-02, 4.59203683e-02,
          4.55001108e-02, 4.50798497e-02, 4.46595922e-02, 6.12194128e-02,
          6.07991517e-02, 6.03788942e-02, 5.99586330e-02, 7.65184537e-02,
          7.60981962e-02, 7.56779388e-02, 7.52576739e-02, 6.49721861e-01,
          6.48026645e-01, 6.46331370e-01, 6.44636154e-01, 6.86662316e-01,
          6.84967101e-01, 6.83271885e-01, 6.81576669e-01, 7.23602772e-01,
          7.21907556e-01, 7.20212340e-01, 7.18517125e-01, 7.60543227e-01,
          7.58848011e-01, 7.57152796e-01, 7.55457580e-01, 9.45147693e-01,
          9.42059159e-01, 9.38970625e-01, 9.35882032e-01, 9.66117203e-01,
          9.63028669e-01, 9.59940135e-01, 9.56851542e-01, 9.87086713e-01,
          9.83998179e-01, 9.80909646e-01, 9.77821052e-01, 1.00805628e+00,
          1.00496769e+00, 1.00187910e+00, 9.98790562e-01, 0., 0., 0., 0.,
          0., 0., 0., 0., 0., 0., 0., 0., 0., 0., 0., 0., 1., 1., 1., 1.,
          1., 1., 1., 1., 1., 1., 1., 1., 1., 1., 1., 1., 2., 2., 2., 2.,
          2., 2., 2., 2., 2., 2., 2., 2., 2., 2., 2., 2., 3., 3., 3., 3.,
          3., 3., 3., 3., 3., 3., 3., 3., 3., 3., 3., 3., 0., 1., 2., 3.,
          4., 5., 6., 7., 8., 9., 10., 11., 12., 13., 14., 15., 0., 1.,
          2., 3., 4., 5., 6., 7., 8., 9., 10., 11., 12., 13., 14., 15.,
          0., 1., 2., 3., 4., 5., 6., 7., 8., 9., 10., 11., 12., 13.,
          14., 15., 0., 1., 2., 3., 4., 5., 6., 7., 8., 9., 10., 11.,
          12., 13., 14., 15. ]
