%YAML:1.0
---
nb_camera: 6
camera_0:
   camera_matrix: !!opencv-matrix
      rows: 3
      cols: 3
      dt: d
      data: [ 5.0322710569043068e+02, 0., 2.9937750376634659e+02, 0.,
          6.2357544643617541e+02, 3.3974448235239083e+02, 0., 0., 1. ]
   distortion_vector: !!opencv-matrix
      rows: 1
      cols: 5
      dt: d
      data: [ 4.5735988478486417e-01, -2.2096445007628002e-01,
          1.3458813409854134e-01, -1.5865875610222288e-01,
          7.6619025480031605e-02 ]
   distortion_type: 0
   camera_group: 0
   img_width: 640
   img_height: 480
   camera_pose_matrix: !!opencv-matrix
      rows: 4
      cols: 4
      dt: d
      data: [ 1., 0., 0., 0., 0., 1., 0., 0., 0., 0., 1., 0., 0., 0., 0.,
          1. ]
camera_1:
   camera_matrix: !!opencv-matrix
      rows: 3
      cols: 3
      dt: d
      data: [ 5.7021715141245670e+02, 0., 3.6705154819542861e+02, 0.,
          5.2489872928103648e+02, 3.5453392760261966e+02, 0., 0., 1. ]
   distortion_vector: !!opencv-matrix
      rows: 1
      cols: 5
      dt: d
      data: [ -2.1465281877216280e+00, 3.5284148102970549e+00,
          -1.2600221138677700e-01, -8.2869015563872776e-03,
          -2.2577589566813017e+00 ]
   distortion_type: 0
   camera_group: 0
   img_width: 640
   img_height: 480
   camera_pose_matrix: !!opencv-matrix
      rows: 4
      cols: 4
      dt: d
      data: [ 8.6869280062884657e-01, -2.3764849286273285e-01,
          4.3462168834019632e-01, -1.9683273180834593e-01,
          -1.4070745517667446e-01, 7.2287521726870629e-01,
          6.7650043038894292e-01, -4.2765786319670535e-01,
          -4.7494655509153372e-01, -6.4882556523212953e-01,
          5.9451758233705110e-01, 4.2333122258130509e-03, 0., 0., 0., 1. ]
camera_2:
   camera_matrix: !!opencv-matrix
      rows: 3
      cols: 3
      dt: d
      data: [ 5.0843105598479644e+02, 0., 3.2067978254464998e+02, 0.,
          5.6154822506673815e+02, 2.4269281870225646e+02, 0., 0., 1. ]
   distortion_vector: !!opencv-matrix
      rows: 1
      cols: 5
      dt: d
      data: [ 8.1275718509669401e-02, 1.0015082628020662e+00,
          -5.0932391408618986e-02, -6.8193228454658935e-03,
          -2.7001179974926433e+00 ]
   distortion_type: 0
   camera_group: 0
   img_width: 640
   img_height: 480
   camera_pose_matrix: !!opencv-matrix
      rows: 4
      cols: 4
      dt: d
      data: [ 9.3265650248253029e-01, 4.6166261102048795e-03,
          3.6073610179799392e-01, -2.9990162450405148e-02,
          -1.4265101631856913e-01, 9.2314794131441458e-01,
          3.5699939214267229e-01, -6.5001535152701173e-01,
          -3.3136465701751211e-01, -3.8441717600845665e-01,
          8.6163849662683345e-01, 2.3839204886908516e-01, 0., 0., 0., 1. ]
camera_3:
   camera_matrix: !!opencv-matrix
      rows: 3
      cols: 3
      dt: d
      data: [ 5.9118546242053321e+02, 0., 2.5339896439568903e+02, 0.,
          6.3955015406820542e+02, 2.6644672627192119e+02, 0., 0., 1. ]
   distortion_vector: !!opencv-matrix
      rows: 1
      cols: 5
      dt: d
      data: [ 5.5641549885350439e-01, -5.6739895338323540e+00,
          -5.0216809674918379e-02, -6.6088061382101521e-02,
          3.9894858645118568e+01 ]
   distortion_type: 0
   camera_group: 0
   img_width: 640
   img_height: 480
   camera_pose_matrix: !!opencv-matrix
      rows: 4
      cols: 4
      dt: d
      data: [ 9.7443488987299864e-01, -1.5542579926870375e-02,
          2.2413182194283301e-01, 4.1009234339128044e-03,
          -8.4315874821138032e-02, 8.9938928932557327e-01,
          4.2894025166634409e-01, -7.0079627611196271e-01,
          -2.0824859819778652e-01, -4.3687221753695588e-01,
          8.7508581687340792e-01, 1.5584318589030258e-01, 0., 0., 0., 1. ]
camera_4:
   camera_matrix: !!opencv-matrix
      rows: 3
      cols: 3
      dt: d
      data: [ 4.2501917291426645e+02, 0., 3.1009115165844264e+02, 0.,
          4.3735028576226460e+02, 1.5950947954702181e+02, 0., 0., 1. ]
   distortion_vector: !!opencv-matrix
      rows: 1
      cols: 5
      dt: d
      data: [ 7.7906572306839894e-02, -2.7752607384502363e-02,
          -5.5836058410827394e-02, -8.3002561550293251e-03,
          1.5560835856840019e-03 ]
   distortion_type: 0
   camera_group: 0
   img_width: 640
   img_height: 480
   camera_pose_matrix: !!opencv-matrix
      rows: 4
      cols: 4
      dt: d
      data: [ -9.4625005867982293e-01, 2.8453767589852902e-01,
          -1.5378276055102949e-01, -4.7987518045463480e-02,
          8.3628210178002690e-02, 6.7453694475759818e-01,
          7.3348908145895997e-01, -2.9636416105566044e-01,
          3.1243743199376001e-01, 6.8120350935043539e-01,
          -6.6207600012218826e-01, 2.0254344103217392e-01, 0., 0., 0.,
          1. ]
camera_5:
   camera_matrix: !!opencv-matrix
      rows: 3
      cols: 3
      dt: d
      data: [ 4.2806090739139813e+02, 0., 3.0254366670917625e+02, 0.,
          4.3977207630251053e+02, 1.6325221104352684e+02, 0., 0., 1. ]
   distortion_vector: !!opencv-matrix
      rows: 1
      cols: 5
      dt: d
      data: [ 9.9432020856262612e-02, -3.9456011879511886e-02,
          -5.5121208441638425e-02, -1.0846589056165935e-02,
          2.4740230071942917e-03 ]
   distortion_type: 0
   camera_group: 0
   img_width: 640
   img_height: 480
   camera_pose_matrix: !!opencv-matrix
      rows: 4
      cols: 4
      dt: d
      data: [ -9.4712185097990742e-01, 2.8929369301606556e-01,
          -1.3881411519553799e-01, -9.1656721186117077e-02,
          9.6160770762373837e-02, 6.6863072734416351e-01,
          7.3735070123896962e-01, -2.9674711743386162e-01,
          3.0612629021823629e-01, 6.8501248866888576e-01,
          -6.6109347660136497e-01, 2.2084487093502123e-01, 0., 0., 0.,
          1. ]
