%YAML:1.0
---
object_0:
   points: !!opencv-matrix
      rows: 5
      cols: 32
      dt: f
      data: [ 0., 3.70000005e-02, 7.40000010e-02, 1.11000001e-01, 0.,
          3.70000005e-02, 7.40000010e-02, 1.11000001e-01, 0.,
          3.70000005e-02, 7.40000010e-02, 1.11000001e-01, 0.,
          3.70000005e-02, 7.40000010e-02, 1.11000001e-01,
          -4.42972453e-03, 3.25544663e-02, 6.95386529e-02,
          1.06522843e-01, -5.50875673e-03, 3.14754322e-02,
          6.84596226e-02, 1.05443813e-01, -6.58778939e-03,
          3.03964019e-02, 6.73805922e-02, 1.04364783e-01,
          -7.66682159e-03, 2.93173678e-02, 6.63015619e-02,
          1.03285752e-01, 0., 0., 0., 0., 3.70000005e-02, 3.70000005e-02,
          3.70000005e-02, 3.70000005e-02, 7.40000010e-02, 7.40000010e-02,
          7.40000010e-02, 7.40000010e-02, 1.11000001e-01, 1.11000001e-01,
          1.11000001e-01, 1.11000001e-01, 3.05492431e-01, 3.06449085e-01,
          3.07405740e-01, 3.08362395e-01, 3.39302689e-01, 3.40259314e-01,
          3.41215968e-01, 3.42172623e-01, 3.73112917e-01, 3.74069571e-01,
          3.75026226e-01, 3.75982881e-01, 4.06923175e-01, 4.07879800e-01,
          4.08836454e-01, 4.09793109e-01, 0., 0., 0., 0., 0., 0., 0., 0.,
          0., 0., 0., 0., 0., 0., 0., 0., 3.89117487e-02, 3.94162573e-02,
          3.99207659e-02, 4.04252745e-02, 5.39018512e-02, 5.44063598e-02,
          5.49108684e-02, 5.54153770e-02, 6.88919574e-02, 6.93964660e-02,
          6.99009746e-02, 7.04054832e-02, 8.38820562e-02, 8.43865648e-02,
          8.48910734e-02, 8.53955820e-02, 0., 0., 0., 0., 0., 0., 0., 0.,
          0., 0., 0., 0., 0., 0., 0., 0., 1., 1., 1., 1., 1., 1., 1., 1.,
          1., 1., 1., 1., 1., 1., 1., 1., 0., 1., 2., 3., 4., 5., 6., 7.,
          8., 9., 10., 11., 12., 13., 14., 15., 0., 1., 2., 3., 4., 5.,
          6., 7., 8., 9., 10., 11., 12., 13., 14., 15. ]
object_1:
   points: !!opencv-matrix
      rows: 5
      cols: 32
      dt: f
      data: [ 0., 3.70000005e-02, 7.40000010e-02, 1.11000001e-01, 0.,
          3.70000005e-02, 7.40000010e-02, 1.11000001e-01, 0.,
          3.70000005e-02, 7.40000010e-02, 1.11000001e-01, 0.,
          3.70000005e-02, 7.40000010e-02, 1.11000001e-01, 1.91224888e-02,
          5.55153228e-02, 9.19081569e-02, 1.28300995e-01, 2.50216480e-02,
          6.14144839e-02, 9.78073180e-02, 1.34200156e-01, 3.09208073e-02,
          6.73136413e-02, 1.03706479e-01, 1.40099317e-01, 3.68199646e-02,
          7.32128024e-02, 1.09605633e-01, 1.45998463e-01, 0., 0., 0., 0.,
          3.70000005e-02, 3.70000005e-02, 3.70000005e-02, 3.70000005e-02,
          7.40000010e-02, 7.40000010e-02, 7.40000010e-02, 7.40000010e-02,
          1.11000001e-01, 1.11000001e-01, 1.11000001e-01, 1.11000001e-01,
          3.03594351e-01, 3.02494198e-01, 3.01394075e-01, 3.00293952e-01,
          3.25975031e-01, 3.24874878e-01, 3.23774755e-01, 3.22674632e-01,
          3.48355711e-01, 3.47255558e-01, 3.46155435e-01, 3.45055312e-01,
          3.70736390e-01, 3.69636238e-01, 3.68536115e-01, 3.67435992e-01,
          0., 0., 0., 0., 0., 0., 0., 0., 0., 0., 0., 0., 0., 0., 0., 0.,
          1.19400889e-01, 1.12816714e-01, 1.06232546e-01, 9.96483713e-02,
          1.48267910e-01, 1.41683742e-01, 1.35099575e-01, 1.28515393e-01,
          1.77134931e-01, 1.70550764e-01, 1.63966596e-01, 1.57382414e-01,
          2.06001967e-01, 1.99417785e-01, 1.92833617e-01, 1.86249450e-01,
          2., 2., 2., 2., 2., 2., 2., 2., 2., 2., 2., 2., 2., 2., 2., 2.,
          3., 3., 3., 3., 3., 3., 3., 3., 3., 3., 3., 3., 3., 3., 3., 3.,
          0., 1., 2., 3., 4., 5., 6., 7., 8., 9., 10., 11., 12., 13.,
          14., 15., 0., 1., 2., 3., 4., 5., 6., 7., 8., 9., 10., 11.,
          12., 13., 14., 15. ]
