%YAML:1.0
---
nb_camera: 4
camera_0:
   camera_matrix: !!opencv-matrix
      rows: 3
      cols: 3
      dt: d
      data: [ 3.6866116534938385e+02, 0., 3.1796095101122000e+02, 0.,
          3.5268206580682283e+02, 2.5094063761205842e+02, 0., 0., 1. ]
   distortion_vector: !!opencv-matrix
      rows: 1
      cols: 5
      dt: d
      data: [ -4.2453418620924437e-02, 2.9128378889420475e-01,
          2.0085387267953614e-02, 1.0784396134744936e-02,
          -3.8873422945861202e-01 ]
   distortion_type: 0
   camera_group: 0
   img_width: 640
   img_height: 480
   camera_pose_matrix: !!opencv-matrix
      rows: 4
      cols: 4
      dt: d
      data: [ 1., 0., 0., 0., 0., 1., 0., 0., 0., 0., 1., 0., 0., 0., 0.,
          1. ]
camera_1:
   camera_matrix: !!opencv-matrix
      rows: 3
      cols: 3
      dt: d
      data: [ 4.2873953224692906e+02, 0., 3.2803225808308355e+02, 0.,
          4.0978856352057403e+02, 2.4257760766211081e+02, 0., 0., 1. ]
   distortion_vector: !!opencv-matrix
      rows: 1
      cols: 5
      dt: d
      data: [ 4.9432968461617960e-02, 1.6497479872141417e-02,
          1.3965306977368502e-02, 8.6498887610319732e-03,
          -1.0750012889700745e-01 ]
   distortion_type: 0
   camera_group: 0
   img_width: 640
   img_height: 480
   camera_pose_matrix: !!opencv-matrix
      rows: 4
      cols: 4
      dt: d
      data: [ 9.9941237629934365e-01, 1.1296277904226425e-02,
          -3.2361956140034578e-02, 7.4599987962311209e-02,
          -1.0834935198219044e-02, 9.9983766956634312e-01,
          1.4395787418353588e-02, -1.6768311451827077e-02,
          3.2519321624988266e-02, -1.4036688414812063e-02,
          9.9937253569397044e-01, -6.1329423381106363e-02, 0., 0., 0.,
          1. ]
camera_2:
   camera_matrix: !!opencv-matrix
      rows: 3
      cols: 3
      dt: d
      data: [ 4.4253974461624773e+02, 0., 2.3967978069245052e+02, 0.,
          4.3009411537608941e+02, 1.7345962184704865e+02, 0., 0., 1. ]
   distortion_vector: !!opencv-matrix
      rows: 1
      cols: 5
      dt: d
      data: [ -1.6727748983447355e-01, -3.5738876883373416e-01,
          9.9858420347378199e-02, 2.2461211963233085e-02,
          5.7560868108668017e-01 ]
   distortion_type: 0
   camera_group: 0
   img_width: 640
   img_height: 480
   camera_pose_matrix: !!opencv-matrix
      rows: 4
      cols: 4
      dt: d
      data: [ 9.6526413229536523e-01, -2.5813781351908316e-01,
          -4.0373557381816257e-02, -1.6515911831906030e-01,
          2.2071918424753481e-01, 7.2294620183206615e-01,
          6.5469980217019486e-01, -6.8186770108107447e-02,
          -1.3981486547995728e-01, -6.4086945510624593e-01,
          7.5481000583103375e-01, -4.7832246472372126e-03, 0., 0., 0.,
          1. ]
camera_3:
   camera_matrix: !!opencv-matrix
      rows: 3
      cols: 3
      dt: d
      data: [ 5.1854077456179061e+02, 0., 2.9491577780202124e+02, 0.,
          5.7928009289860518e+02, 2.3697180672374228e+02, 0., 0., 1. ]
   distortion_vector: !!opencv-matrix
      rows: 1
      cols: 5
      dt: d
      data: [ 6.0910582542844693e-01, 9.3896560979363741e-01,
          1.1903258800072607e-01, -3.0411921983702099e-03,
          -8.1733425490388090e+00 ]
   distortion_type: 0
   camera_group: 0
   img_width: 640
   img_height: 480
   camera_pose_matrix: !!opencv-matrix
      rows: 4
      cols: 4
      dt: d
      data: [ 9.9476404545861608e-01, -2.9333313890793009e-02,
          -9.7898164226877554e-02, -2.2163704666297378e-02,
          7.2679300683135871e-03, 9.7580320935730858e-01,
          -2.1852980071491102e-01, 5.7941176171262987e-01,
          1.0193954608163891e-01, 2.1667407160101279e-01,
          9.7090714058580718e-01, -3.2538161427212758e-01, 0., 0., 0.,
          1. ]
