%YAML:1.0
---
object_0:
   points: !!opencv-matrix
      rows: 5
      cols: 64
      dt: f
      data: [ 0., 3.70000005e-02, 7.40000010e-02, 1.11000001e-01, 0.,
          3.70000005e-02, 7.40000010e-02, 1.11000001e-01, 0.,
          3.70000005e-02, 7.40000010e-02, 1.11000001e-01, 0.,
          3.70000005e-02, 7.40000010e-02, 1.11000001e-01, 3.36542070e-01,
          3.01248163e-01, 2.65954226e-01, 2.30660319e-01, 3.33396584e-01,
          2.98102647e-01, 2.62808740e-01, 2.27514818e-01, 3.30251068e-01,
          2.94957161e-01, 2.59663254e-01, 2.24369317e-01, 3.27105582e-01,
          2.91811645e-01, 2.56517738e-01, 2.21223816e-01, 3.15999269e-01,
          3.49625766e-01, 3.83252233e-01, 4.16878730e-01, 3.12156826e-01,
          3.45783323e-01, 3.79409790e-01, 4.13036287e-01, 3.08314383e-01,
          3.41940880e-01, 3.75567347e-01, 4.09193844e-01, 3.04471940e-01,
          3.38098437e-01, 3.71724933e-01, 4.05351400e-01, 8.79576579e-02,
          6.69532865e-02, 4.59489115e-02, 2.49445364e-02, 8.36221427e-02,
          6.26177713e-02, 4.16133925e-02, 2.06090193e-02, 7.92866275e-02,
          5.82822524e-02, 3.72778773e-02, 1.62735023e-02, 7.49511123e-02,
          5.39467335e-02, 3.29423584e-02, 1.19379843e-02, 0., 0., 0., 0.,
          3.70000005e-02, 3.70000005e-02, 3.70000005e-02, 3.70000005e-02,
          7.40000010e-02, 7.40000010e-02, 7.40000010e-02, 7.40000010e-02,
          1.11000001e-01, 1.11000001e-01, 1.11000001e-01, 1.11000001e-01,
          -6.86872825e-02, -7.39068910e-02, -7.91264921e-02,
          -8.43461007e-02, -3.26675698e-02, -3.78871746e-02,
          -4.31067795e-02, -4.83263843e-02, 3.35214497e-03,
          -1.86745939e-03, -7.08706351e-03, -1.23066679e-02,
          3.93718593e-02, 3.41522545e-02, 2.89326515e-02, 2.37130467e-02,
          -1.22086331e-02, -7.79071311e-03, -3.37279262e-03,
          1.04512775e-03, 2.45233104e-02, 2.89412308e-02, 3.33591513e-02,
          3.77770737e-02, 6.12552539e-02, 6.56731725e-02, 7.00910985e-02,
          7.45090172e-02, 9.79871973e-02, 1.02405123e-01, 1.06823042e-01,
          1.11240961e-01, -1.02922313e-01, -1.01207830e-01,
          -9.94933471e-02, -9.77788642e-02, -6.65253624e-02,
          -6.48108795e-02, -6.30963892e-02, -6.13819063e-02,
          -3.01284064e-02, -2.84139216e-02, -2.66994387e-02,
          -2.49849539e-02, 6.26854692e-03, 7.98303075e-03,
          9.69751552e-03, 1.14119994e-02, 0., 0., 0., 0., 0., 0., 0., 0.,
          0., 0., 0., 0., 0., 0., 0., 0., 1.06668425e+00, 1.07648706e+00,
          1.08628988e+00, 1.09609258e+00, 1.07453823e+00, 1.08434105e+00,
          1.09414387e+00, 1.10394669e+00, 1.08239233e+00, 1.09219515e+00,
          1.10199797e+00, 1.11180067e+00, 1.09024632e+00, 1.10004914e+00,
          1.10985196e+00, 1.11965477e+00, 4.46135215e-02, 5.94034344e-02,
          7.41933435e-02, 8.89832526e-02, 4.23774682e-02, 5.71673810e-02,
          7.19572902e-02, 8.67471993e-02, 4.01414149e-02, 5.49313277e-02,
          6.97212368e-02, 8.45111459e-02, 3.79053652e-02, 5.26952744e-02,
          6.74851835e-02, 8.22750926e-02, 1.03855538e+00, 1.00814366e+00,
          9.77731824e-01, 9.47320044e-01, 1.04360163e+00, 1.01318991e+00,
          9.82778132e-01, 9.52366352e-01, 1.04864800e+00, 1.01823616e+00,
          9.87824380e-01, 9.57412601e-01, 1.05369425e+00, 1.02328253e+00,
          9.92870688e-01, 9.62458909e-01, 0., 0., 0., 0., 0., 0., 0., 0.,
          0., 0., 0., 0., 0., 0., 0., 0., 1., 1., 1., 1., 1., 1., 1., 1.,
          1., 1., 1., 1., 1., 1., 1., 1., 2., 2., 2., 2., 2., 2., 2., 2.,
          2., 2., 2., 2., 2., 2., 2., 2., 3., 3., 3., 3., 3., 3., 3., 3.,
          3., 3., 3., 3., 3., 3., 3., 3., 0., 1., 2., 3., 4., 5., 6., 7.,
          8., 9., 10., 11., 12., 13., 14., 15., 0., 1., 2., 3., 4., 5.,
          6., 7., 8., 9., 10., 11., 12., 13., 14., 15., 0., 1., 2., 3.,
          4., 5., 6., 7., 8., 9., 10., 11., 12., 13., 14., 15., 0., 1.,
          2., 3., 4., 5., 6., 7., 8., 9., 10., 11., 12., 13., 14., 15. ]
