%YAML:1.0
---
nb_camera: 4
camera_0:
   camera_matrix: !!opencv-matrix
      rows: 3
      cols: 3
      dt: d
      data: [ 3.8792453567935064e+02, 0., 3.1285412517367001e+02, 0.,
          3.8880544044370413e+02, 2.4235075293980486e+02, 0., 0., 1. ]
   distortion_vector: !!opencv-matrix
      rows: 1
      cols: 5
      dt: d
      data: [ -1.4060004880675572e-03, 4.8189343493296004e-03,
          -1.9609399715975887e-04, -9.3689494657246740e-04,
          -3.6615507572878530e-03 ]
   distortion_type: 0
   camera_group: 0
   img_width: 640
   img_height: 480
   camera_pose_matrix: !!opencv-matrix
      rows: 4
      cols: 4
      dt: d
      data: [ 1., 0., 0., 0., 0., 1., 0., 0., 0., 0., 1., 0., 0., 0., 0.,
          1. ]
camera_1:
   camera_matrix: !!opencv-matrix
      rows: 3
      cols: 3
      dt: d
      data: [ 3.8551581801953199e+02, 0., 3.1674784327497503e+02, 0.,
          3.8700676023380947e+02, 2.4110025113932912e+02, 0., 0., 1. ]
   distortion_vector: !!opencv-matrix
      rows: 1
      cols: 5
      dt: d
      data: [ -1.0032416782809177e-03, 1.6469904749255141e-02,
          9.6948728131570724e-05, 2.2389445057075124e-03,
          -1.9960773452709250e-02 ]
   distortion_type: 0
   camera_group: 0
   img_width: 640
   img_height: 480
   camera_pose_matrix: !!opencv-matrix
      rows: 4
      cols: 4
      dt: d
      data: [ 9.9994804894064937e-01, -2.3388903703789169e-03,
          9.9211396333388473e-03, 4.9249169263825762e-02,
          2.3391166122361225e-03, 9.9999726420027002e-01,
          -1.1200427673182516e-05, -1.7169849941511069e-03,
          -9.9210862945152915e-03, 3.4406548327765472e-05,
          9.9995078422036654e-01, 2.4838124386922095e-03, 0., 0., 0., 1. ]
camera_2:
   camera_matrix: !!opencv-matrix
      rows: 3
      cols: 3
      dt: d
      data: [ 3.8604229920520044e+02, 0., 3.2186144399931919e+02, 0.,
          3.7967556483865616e+02, 2.3862514780844651e+02, 0., 0., 1. ]
   distortion_vector: !!opencv-matrix
      rows: 1
      cols: 5
      dt: d
      data: [ 1.1463855444825753e-02, -2.7291005977152439e-02,
          -1.8809559894093879e-03, 5.3886691581050983e-04,
          1.9184927164217887e-02 ]
   distortion_type: 0
   camera_group: 0
   img_width: 640
   img_height: 480
   camera_pose_matrix: !!opencv-matrix
      rows: 4
      cols: 4
      dt: d
      data: [ -9.9901478543384059e-01, 2.1550504415725532e-02,
          3.8794770833260189e-02, 2.3427272845803922e-02,
          4.4368027787484790e-02, 5.0407566720635588e-01,
          8.6251910114542751e-01, -8.1002206919553437e-03,
          -9.6777829401114375e-04, 8.6339058223372767e-01,
          -5.0453519789532875e-01, -8.8325449837989692e-02, 0., 0., 0.,
          1. ]
camera_3:
   camera_matrix: !!opencv-matrix
      rows: 3
      cols: 3
      dt: d
      data: [ 3.8707921616622571e+02, 0., 3.3375645327046283e+02, 0.,
          3.8121431915847825e+02, 2.3744959246343984e+02, 0., 0., 1. ]
   distortion_vector: !!opencv-matrix
      rows: 1
      cols: 5
      dt: d
      data: [ 1.1247515006453856e-03, 5.9134441544067218e-02,
          2.5231950365280473e-03, 9.9342227161418033e-03,
          -8.3266042266901888e-02 ]
   distortion_type: 0
   camera_group: 0
   img_width: 640
   img_height: 480
   camera_pose_matrix: !!opencv-matrix
      rows: 4
      cols: 4
      dt: d
      data: [ -9.9942689474547108e-01, 2.1129405118490589e-02,
          2.6446744577808212e-02, -3.3975387649586748e-02,
          3.3472147607255150e-02, 5.0031200518696783e-01,
          8.6519796162517271e-01, -5.2876541223382516e-03,
          5.0494944284797567e-03, 8.6558734146539751e-01,
          -5.0073252031487070e-01, -9.3549247804359068e-02, 0., 0., 0.,
          1. ]
