%YAML:1.0
---
object_0:
   points: !!opencv-matrix
      rows: 3
      cols: 96
      dt: f
      data: [ 0., 0., 0., 0., 1.92000002e-01, 1.92000002e-01,
          1.92000002e-01, 1.92000002e-01, 3.84000003e-01, 3.84000003e-01,
          3.84000003e-01, 3.84000003e-01, 5.75999975e-01, 5.75999975e-01,
          5.75999975e-01, 5.75999975e-01, 5.76009750e-01, 5.76012611e-01,
          5.76015532e-01, 5.76018393e-01, 3.84009719e-01, 3.84012610e-01,
          3.84015530e-01, 3.84018421e-01, 1.92009732e-01, 1.92012623e-01,
          1.92015514e-01, 1.92018420e-01, 9.75374860e-06, 1.26514542e-05,
          1.55491598e-05, 1.84468663e-05, -2.07455739e-01,
          -2.10479185e-01, -2.13502616e-01, -2.16526046e-01,
          -2.07460403e-01, -2.10483834e-01, -2.13507265e-01,
          -2.16530710e-01, -2.07465053e-01, -2.10488483e-01,
          -2.13511929e-01, -2.16535360e-01, -2.07469702e-01,
          -2.10493147e-01, -2.13516578e-01, -2.16540009e-01,
          7.88084447e-01, 7.88068414e-01, 7.88052380e-01, 7.88036406e-01,
          7.88084388e-01, 7.88068414e-01, 7.88052380e-01, 7.88036346e-01,
          7.88084388e-01, 7.88068354e-01, 7.88052320e-01, 7.88036287e-01,
          7.88084328e-01, 7.88068295e-01, 7.88052261e-01, 7.88036287e-01,
          5.76027751e-01, 5.76027691e-01, 5.76027632e-01, 5.76027572e-01,
          3.84027779e-01, 3.84027719e-01, 3.84027660e-01, 3.84027600e-01,
          1.92027777e-01, 1.92027718e-01, 1.92027658e-01, 1.92027599e-01,
          2.78010866e-05, 2.77417330e-05, 2.76823794e-05, 2.76230239e-05,
          5.76013923e-01, 5.76009929e-01, 5.76005995e-01, 5.76002002e-01,
          3.84013921e-01, 3.84009957e-01, 3.84005964e-01, 3.84002000e-01,
          1.92013934e-01, 1.92009956e-01, 1.92005977e-01, 1.92001998e-01,
          1.39556350e-05, 9.97720599e-06, 5.99877740e-06, 2.02034948e-06,
          0., 1.92000002e-01, 3.84000003e-01, 5.75999975e-01, 0.,
          1.92000002e-01, 3.84000003e-01, 5.75999975e-01, 0.,
          1.92000002e-01, 3.84000003e-01, 5.75999975e-01, 0.,
          1.92000002e-01, 3.84000003e-01, 5.75999975e-01,
          -2.11526617e-01, -2.11861625e-01, -2.12196648e-01,
          -2.12531671e-01, -2.11538225e-01, -2.11873248e-01,
          -2.12208271e-01, -2.12543279e-01, -2.11549833e-01,
          -2.11884856e-01, -2.12219879e-01, -2.12554902e-01,
          -2.11561456e-01, -2.11896464e-01, -2.12231487e-01,
          -2.12566510e-01, 5.78478336e-01, 5.76810658e-01,
          5.75142980e-01, 5.73475301e-01, 3.86485577e-01, 3.84817898e-01,
          3.83150220e-01, 3.81482512e-01, 1.94492832e-01, 1.92825139e-01,
          1.91157460e-01, 1.89489767e-01, 2.50009866e-03, 8.32413090e-04,
          -8.35272367e-04, -2.50295759e-03, -2.56122257e-05,
          -1.68369461e-05, -8.06166645e-06, 7.13611485e-07,
          1.91974387e-01, 1.91983163e-01, 1.91991940e-01, 1.92000717e-01,
          3.83974403e-01, 3.83983165e-01, 3.83991927e-01, 3.84000719e-01,
          5.75974345e-01, 5.75983167e-01, 5.75991929e-01, 5.76000690e-01,
          -2.19906651e-05, 1.91978008e-01, 3.83978009e-01,
          5.75977981e-01, -2.20501042e-05, 1.91977948e-01,
          3.83977950e-01, 5.75977921e-01, -2.21095415e-05,
          1.91977888e-01, 3.83977890e-01, 5.75977862e-01,
          -2.21689806e-05, 1.91977829e-01, 3.83977830e-01,
          5.75977802e-01, 7.88018763e-01, 7.88016081e-01, 7.88013399e-01,
          7.88010716e-01, 7.88017631e-01, 7.88014948e-01, 7.88012266e-01,
          7.88009584e-01, 7.88016558e-01, 7.88013816e-01, 7.88011134e-01,
          7.88008451e-01, 7.88015425e-01, 7.88012743e-01, 7.88010061e-01,
          7.88007379e-01, 0., 0., 0., 0., 0., 0., 0., 0., 0., 0., 0., 0.,
          0., 0., 0., 0., 2.12009907e-01, 4.04009610e-01, 5.96009314e-01,
          7.88008988e-01, 2.12012783e-01, 4.04012501e-01, 5.96012175e-01,
          7.88011849e-01, 2.12015659e-01, 4.04015362e-01, 5.96015096e-01,
          7.88014770e-01, 2.12018535e-01, 4.04018253e-01, 5.96017957e-01,
          7.88017631e-01, 7.85494387e-01, 5.93525410e-01, 4.01556462e-01,
          2.09587544e-01, 7.87162364e-01, 5.95193386e-01, 4.03224438e-01,
          2.11255521e-01, 7.88830280e-01, 5.96861362e-01, 4.04892415e-01,
          2.12923482e-01, 7.90498257e-01, 5.98529339e-01, 4.06560361e-01,
          2.14591444e-01, 7.88005054e-01, 5.96005023e-01, 4.04005021e-01,
          2.12005064e-01, 7.88013816e-01, 5.96013784e-01, 4.04013813e-01,
          2.12013841e-01, 7.88022578e-01, 5.96022606e-01, 4.04022574e-01,
          2.12022603e-01, 7.88031340e-01, 5.96031368e-01, 4.04031366e-01,
          2.12031379e-01, 1.00003219e+00, 1.00003397e+00, 1.00003576e+00,
          1.00003755e+00, 1.00004125e+00, 1.00004303e+00, 1.00004482e+00,
          1.00004661e+00, 1.00005031e+00, 1.00005209e+00, 1.00005388e+00,
          1.00005567e+00, 1.00005937e+00, 1.00006115e+00, 1.00006294e+00,
          1.00006473e+00, 7.88016438e-01, 5.96016407e-01, 4.04016435e-01,
          2.12016448e-01, 7.88020432e-01, 5.96020401e-01, 4.04020399e-01,
          2.12020427e-01, 7.88024366e-01, 5.96024394e-01, 4.04024392e-01,
          2.12024406e-01, 7.88028359e-01, 5.96028388e-01, 4.04028356e-01,
          2.12028384e-01 ]
