%YAML:1.0
---
nb_camera: 4
camera_0:
   camera_matrix: !!opencv-matrix
      rows: 3
      cols: 3
      dt: d
      data: [ 1.6307140152912109e+03, 0., 9.1266126834199986e+02, 0.,
          2.1742107478007611e+03, 6.8680640488323411e+02, 0., 0., 0. ]
   distortion_vector: !!opencv-matrix
      rows: 1
      cols: 5
      dt: d
      data: [ -2.1447561457406854e-03, 1.7305648467475948e-01,
          -2.9539376587783356e-04, 3.2544959281322674e-04,
          -1.7557221361493476e+00 ]
   disto_type: 0
   camera_group: 0
   img_width: 1824
   img_height: 1376
   camera_pose_matrix: !!opencv-matrix
      rows: 4
      cols: 4
      dt: d
      data: [ 1., 0., 0., 0., 0., 1., 0., 0., 0., 0., 1., 0., 0., 0., 0.,
          1. ]
camera_1:
   camera_matrix: !!opencv-matrix
      rows: 3
      cols: 3
      dt: d
      data: [ 1.6327812363897726e+03, 0., 9.1336842998956558e+02, 0.,
          2.1769455791622199e+03, 6.8810930713048026e+02, 0., 0., 0. ]
   distortion_vector: !!opencv-matrix
      rows: 1
      cols: 5
      dt: d
      data: [ -1.0333571590578844e-02, 4.5479412239947842e-01,
          7.4424125383053011e-05, 4.3226654700397656e-04,
          -4.7156386909878654e+00 ]
   disto_type: 0
   camera_group: 0
   img_width: 1824
   img_height: 1376
   camera_pose_matrix: !!opencv-matrix
      rows: 4
      cols: 4
      dt: d
      data: [ -9.9999991719950831e-01, 9.4091087849763587e-06,
          4.0683220765877281e-04, -6.8458660436365587e-03,
          9.3625325282508996e-06, 9.9999999340254309e-01,
          -1.1448692850451703e-04, -1.5130584050870722e-03,
          -4.0683328219467957e-04, -1.1448311004516532e-04,
          -9.9999991069014493e-01, 5.9901860296271696e+00, 0., 0., 0.,
          1. ]
camera_2:
   camera_matrix: !!opencv-matrix
      rows: 3
      cols: 3
      dt: d
      data: [ 1.6342565768592331e+03, 0., 9.1150909947113507e+02, 0.,
          2.1790173463749984e+03, 6.8728502068156581e+02, 0., 0., 0. ]
   distortion_vector: !!opencv-matrix
      rows: 1
      cols: 5
      dt: d
      data: [ -1.1262521144515742e-03, 2.8614242401918660e-02,
          -3.8937365124106294e-05, -2.0398721032845067e-05,
          -9.6602856523601580e-02 ]
   disto_type: 0
   camera_group: 0
   img_width: 1824
   img_height: 1376
   camera_pose_matrix: !!opencv-matrix
      rows: 4
      cols: 4
      dt: d
      data: [ -7.8119167773943541e-04, 3.8953720390191133e-04,
          9.9999961900009193e-01, -2.9935097403516444e+00,
          -8.3654834252265992e-05, 9.9999992060581000e-01,
          -3.8960267187382325e-04, 4.5134039658332575e-04,
          -9.9999969137066791e-01, -8.3959156744674708e-05,
          -7.8115902904712757e-04, 2.9992579179092886e+00, 0., 0., 0.,
          1. ]
camera_3:
   camera_matrix: !!opencv-matrix
      rows: 3
      cols: 3
      dt: d
      data: [ 1.6343397195102573e+03, 0., 9.1145269001782242e+02, 0.,
          2.1791222180887862e+03, 6.8747484408320497e+02, 0., 0., 0. ]
   distortion_vector: !!opencv-matrix
      rows: 1
      cols: 5
      dt: d
      data: [ -4.9207717988462613e-04, 1.6715205835972424e-02,
          4.3793055041129131e-05, 1.8283096554759428e-05,
          -8.8042929732594935e-02 ]
   disto_type: 0
   camera_group: 0
   img_width: 1824
   img_height: 1376
   camera_pose_matrix: !!opencv-matrix
      rows: 4
      cols: 4
      dt: d
      data: [ 7.7471173886820032e-04, -4.0183441972429720e-04,
          -9.9999961917533786e-01, 2.9935813099974111e+00,
          5.2864422563696911e-05, 9.9999991788363041e-01,
          -4.0179358505129127e-04, 2.1955260789725928e-04,
          9.9999969851349169e-01, -5.2553128224679840e-05,
          7.7473291799624996e-04, 2.9990382091464518e+00, 0., 0., 0., 1. ]
