%YAML:1.0
---
object_0:
   poses: !!opencv-matrix
      rows: 6
      cols: 396
      dt: d
      data: [ -2.1059642303888677e+00, -1.5709650758571678e+00,
          -5.6597736389069930e-01, -2.1775247632345458e+00,
          -1.0426745600496772e+00, -8.3567386845506775e-01,
          4.0721160575754384e-01, 5.1148927921936294e-01,
          1.9472193290270097e+00, 2.1229839006174864e+00,
          -1.5772660931632800e+00, 1.8179180149879002e+00,
          6.3360675299926328e-01, 1.6534472509150705e-01,
          1.4279741396710959e+00, -5.5025066955305479e-01,
          2.1741329595507910e+00, -1.7226270988391905e+00,
          1.0475905806683743e+00, -1.7515221547236970e+00,
          7.7092607492881149e-01, -2.0994448249014823e+00,
          -1.1566729672147624e+00, 3.6344791193251758e-01,
          9.9373901488464228e-02, 9.6087906894657726e-01,
          8.9580631811078537e-01, 9.5308996068973817e-01,
          5.8933264959599563e-01, 2.1088343784487678e+00,
          2.1394159102286081e+00, -9.7284530943338099e-01,
          1.4993137568978412e+00, 5.5438621071744243e-01,
          1.9369326937093652e+00, -3.3729408461624194e-01,
          -1.4900298616190226e+00, 1.9433060735880523e+00,
          -1.4209768353958290e+00, 8.5174462125143979e-01,
          6.8479993533282202e-01, -1.3368333490077047e+00,
          2.1588933549007105e+00, -8.0603843877290660e-01,
          1.5824504479216486e+00, 1.3437255202612879e+00,
          1.9032844789795009e+00, -3.6712093566096343e-01,
          -1.8998823589064453e+00, 7.1280414528572233e-01,
          1.4826224804123860e+00, -1.4481727736269978e+00,
          2.5580807529545285e-01, 1.2073339091491524e+00,
          1.1885388127205161e+00, 8.8322877995157023e-01,
          1.0824572196811983e+00, 8.2895960065813434e-01,
          -1.0560200514711704e-01, -2.1891757759725650e+00,
          -6.4636640569283088e-02, 1.9400179643885043e+00,
          -1.7708487351978932e+00, -3.3481539118806414e-02,
          8.8349952302607115e-01, -7.1236505498977687e-01,
          2.0829848580245258e+00, -2.0847922510889840e+00,
          -2.1162066977967147e+00, 1.4296691804100628e-01,
          3.7579445091573971e-01, 1.9709292825069735e+00,
          -5.9942242324452200e-01, 1.1265332481378718e+00,
          1.1057407565311914e+00, -1.7034750164326045e+00,
          1.7007134691656081e+00, -1.7150967602294567e-01,
          -1.5481694529451919e+00, -1.5419480731290955e+00,
          1.5364587176237030e+00, -1.4587108005482312e+00,
          -3.8613741822130393e-01, 2.4168691488368807e-01,
          -1.6745844753385366e+00, -2.1960901506850594e+00,
          2.0743972776023747e+00, 2.5152984392413169e-01,
          -1.2448295376966896e+00, 1.9119541286695145e+00,
          -1.4016099081261435e+00, 1.3294091846643334e+00,
          -5.6844476605180039e-01, -1.7039566824383759e-01,
          -1.5949607824213314e+00, -1.6753975960596241e+00,
          -4.7619838705714246e-01, 6.7457298960403356e-01,
          -1.5618452390919639e+00, 1.3025497428097843e+00,
          1.0321658729060177e+00, 1.7932311802558447e+00,
          -1.2946751209397520e+00, -5.9060531887825625e-02,
          -1.8159009766760419e+00, -1.3162999496741983e+00,
          5.3141334075686675e-01, -2.2271917219065469e+00,
          1.6433693915455503e+00, -7.9186867424915919e-01,
          1.5115489893007106e+00, 1.9481262101922332e+00,
          -9.1293668067416966e-01, -1.4955146527602474e+00,
          -1.7142484958857183e+00, -4.7906810161097185e-02,
          1.7093136226683312e+00, 1.7395397524323701e+00,
          2.1120554500254460e+00, 2.1047149327542898e+00,
          -1.1046599852072496e+00, 2.0358252155947354e+00,
          1.9906366254024814e+00, 2.1858133750812958e+00,
          -1.8034968083612417e+00, 1.9107067524869217e+00,
          -2.0605313848601328e+00, 1.9112816866525302e+00,
          -2.0370888858387857e+00, -6.8821144498344855e-01,
          6.2150157469570944e-01, 5.3542569320991905e-02,
          1.2341183713864416e+00, -5.4082806813107787e-02,
          -1.2726788783680379e-02, -1.4094402075293171e+00,
          -1.9549485735745988e+00, 1.6733431790119451e+00,
          -1.9782439854296052e+00, 1.6622068764835998e+00,
          1.1510968696940898e+00, 1.3420001706574349e+00,
          -3.6218496641755671e-01, 1.0087931150303837e-01,
          -2.1875545303109392e+00, 2.1724520887392109e+00,
          -3.0531265897801818e-01, -6.8732018382979787e-01,
          1.8080645515995382e+00, 2.1860572330494445e+00,
          -7.2751205448019274e-01, -1.5694652529956676e+00,
          -2.0820880738911747e+00, -1.9482246995492845e+00,
          1.5042701066213140e+00, -6.0490815147565669e-01,
          1.3182092773119556e+00, -1.0806351149897271e+00,
          -1.7716009163112543e+00, 8.5752106223086277e-01,
          1.0594067328912593e+00, -2.1905042026604560e-01,
          -4.7846389091122776e-01, -1.9153715079975648e+00,
          8.8946669513250056e-03, 2.2065494890271298e+00,
          -1.9775527442933760e+00, -1.8688601609194682e+00,
          7.7053520381695317e-01, 1.2001507126621593e+00,
          3.5546426980515078e-01, 1.9254532139956106e+00,
          1.8629339522097037e+00, -6.8356856020552692e-01,
          -1.9558079406895970e+00, 1.8471477512121677e+00,
          -9.9181430197689968e-01, -1.8095631224379094e+00,
          -1.0590279623652772e+00, 1.0681564524281308e+00,
          1.1360752645141596e-01, 9.7183226740917061e-02,
          1.7239998321688459e+00, -9.7723876765531714e-01,
          1.3082830615324650e-01, -1.9161262666872017e+00,
          -1.3829722775377999e+00, -2.0129635248237028e+00,
          -2.7214184863762353e-01, -6.1084514824094960e-01,
          2.1601960034758645e+00, 1.1338847490943549e-01,
          8.2942429798328954e-01, -1.0845738473413440e+00,
          4.1815163549124856e-01, 2.1519328308622492e+00,
          4.5761940264666449e-02, 6.0917210087787865e-01,
          2.3429264429661689e+00, 2.1400204173287984e+00,
          -1.7189970518442534e+00, 3.3193679633196865e-01,
          8.6144353515645677e-01, -1.6809090810069660e+00,
          -5.3509811748477376e-01, -1.8547613863389066e-02,
          -4.4166482061968687e-02, 2.5257269796684798e+00,
          5.3049147090335491e-01, 2.2064042050433326e+00,
          -7.5053975742975876e-01, -4.6310775059597875e-01,
          -3.2982300424695986e-02, -1.4103167805778754e+00,
          1.1586212506604037e+00, 2.8509407909675519e+00,
          -4.0700833301101436e-01, -2.7645823353133174e+00,
          -6.6167345870645278e-01, 4.4253618020695490e-01,
          -2.2348371347517784e+00, -9.5467643979235151e-01,
          -1.1413308126387751e+00, -4.1596608144825242e-01,
          -5.5894895979488646e-01, -5.0343078117628848e-01,
          -7.7811463258184488e-01, 1.2228335712009049e-02,
          6.9099739011207073e-01, 1.4768317036094569e+00,
          9.3954698460555142e-01, -5.4356142286958886e-01,
          1.0702696502046269e+00, 3.1965385253522782e-01,
          5.0405906703503249e-02, -4.2736245945581234e-03,
          -2.5461091138862333e+00, -5.4307991919215948e-01,
          -6.4539244197268542e-01, 2.2047183861497892e+00,
          2.2872402672313252e+00, 4.0352520104128209e-01,
          1.0164125989735917e+00, -3.0048581168220689e-01,
          -5.6145925158446228e-02, 5.9701532736814431e-02,
          7.0339537656860618e-01, -6.6726730293373926e-01,
          -2.3262080773033256e-01, 5.2033333301518336e-01,
          -7.6447909704576067e-01, -3.5830642111933353e-01,
          -3.3381791906100389e-01, -4.2930821384726853e-01,
          2.8095047068277307e-01, -3.6885102668632491e-01,
          -7.3945294934479788e-01, 1.0390938991953964e-01,
          -8.4738115491610089e-01, 1.9256078064554920e+00,
          1.0410144263544319e+00, -3.2468972470424018e-01,
          -5.0377471210974256e-01, 6.7850895551570489e-01,
          -1.2777712221979992e-02, 2.3917199551334829e-02,
