%YAML:1.0
---
object_0:
   poses: !!opencv-matrix
      rows: 6
      cols: 369
      dt: d
      data: [ -1.6442607492494619e-02, -6.7870809749854044e-02,
          -2.7987500609664935e-02, -2.4969913569873040e-01,
          1.3245571690987856e-01, 1.4923830819693518e-01,
          -9.4163460067176168e-03, -4.8728292097966357e-02,
          -1.8841214971860401e-01, 6.8946863115330298e-02,
          2.4599630978887430e-01, 1.0223241004934399e-02,
          -3.7351678601817906e-01, 3.9523035806804427e-02,
          6.6699330710244448e-02, -1.1284875989316412e-01,
          6.4450583667586950e-02, -1.5968735635825498e-01,
          2.5142140603472268e-01, -8.9829122224800384e-02,
          9.2584672324931075e-03, 3.6965566436093750e-02,
          -1.9984371672911994e-01, 3.8739316284348061e-03,
          9.1777033775749875e-02, -8.1669386789067017e-02,
          2.0211238238284784e-02, 5.4707110607689721e-02,
          -6.5952085729892598e-02, -5.5081732563756987e-02,
          3.9476900311561197e-01, -2.0858024543092452e-01,
          -5.6245876232267032e-02, -1.5696429898564990e-01,
          -8.7106638990184476e-02, -7.6750362509211731e-02,
          -2.0703131097601904e-01, 1.5772190846479570e-01,
          2.4531677525684199e-02, -1.2178542237289772e-02,
          -1.3365023104440568e-01, -2.8174290520610926e-03,
          8.2175085943911860e-02, 2.7730273982433142e-02,
          -2.6114637406168695e-01, -1.2938615587746408e-02,
          -1.0880393589999178e-01, -2.4773739240174256e-01,
          8.5540270950602737e-02, -1.8443324614154752e-01,
          1.3258438604038866e-01, 5.0778242854511935e-02,
          6.2557478004470340e-02, 2.0359457790648409e-02,
          8.9103244243736668e-02, 2.6000198037510641e-01,
          -9.9322802508346672e-02, -1.1103585253513394e-01,
          -2.4305675415561482e-03, 1.4369805494429955e-01,
          -1.2074884756960727e-01, 1.5988101864772866e-01,
          2.7874839941492630e-01, 7.2707000169647387e-02,
          3.0046980532277456e-01, -5.1726003589748319e-02,
          9.1071430431082692e-02, 5.2998745162965606e-02,
          -8.6954462422239601e-02, 1.1227899429849436e-01,
          -1.7021420858973535e-01, -3.5463004164685036e-02,
          2.3532080812749712e-02, -1.7274295948025517e-01,
          1.1187373352275505e-01, 1.1770190586426586e-02,
          8.4324454253971361e-03, -2.3478981135696614e-01,
          1.7661363861727685e-02, -2.5323162333708127e-01,
          -4.6446396898326475e-03, 1.3523356775259985e-02,
          1.3283403057208579e-01, -5.3631993038122286e-02,
          -6.9708052983786781e-02, 5.7848215782018098e-02,
          3.9639866132938545e-02, 4.6441623503587812e-02,
          -1.2670832330648993e-01, -7.5041128931099349e-02,
          1.3386511041362059e-01, 5.0446552326937920e-02,
          1.5495425184153880e-01, -2.2016765825679852e-01,
          3.1162790039310045e-01, 6.9536512923249652e-02,
          -5.4852937193776125e-02, 4.3529742346008440e-02,
          -1.9347144566366697e-02, -2.1964212800098757e+00,
          -2.1748880275258902e+00, 2.1554707979486722e+00,
          2.1344645900945793e+00, -2.1695882997549609e+00,
          2.1346448154345969e+00, -2.1949647262100180e+00,
          -2.0471287531084466e+00, 2.1345418970143748e+00,
          -2.1453874129496109e+00, -2.1922132150588030e+00,
          2.2066567494848623e+00, 2.1892410818414976e+00,
          2.1442960623985687e+00, -2.1907029752887492e+00,
          2.1827074750810493e+00, 2.1811547066359682e+00,
          -2.2009079459546856e+00, -2.1025277730521790e+00,
          -2.1299070940654645e+00, 2.1993882138499332e+00,
          2.1764326014018964e+00, 2.0798678615926738e+00,
          -2.2166228637899508e+00, -2.2376844646377636e+00,
          2.2073761153329241e+00, 2.1718999013760221e+00,
          2.2188299576438233e+00, 2.2016347575284465e+00,
          -2.1115044836135493e+00, 2.1159855297972809e+00,
          -2.1349388495105588e+00, -2.1136574579179683e+00,
          2.1605721890163250e+00, -2.1222945465182814e+00,
          -2.0759133192324395e+00, 2.2158013905772522e+00,
          2.1744620533562595e+00, -2.0924365247957430e+00,
          -2.1110987877256737e+00, -2.1953008133484828e+00,
          -2.1660513961496384e+00, -2.2122420905235796e+00,
          -2.0326420387778037e+00, 2.2114266228241748e+00,
          -2.1139633493421859e+00, 2.1623330604762545e+00,
          2.1143286668705272e+00, -2.1426746855387706e+00,
          -2.2023435503036186e+00, 2.2107889990561134e+00,
          2.2162512262335152e+00, 2.1544949918528635e+00,
          -2.1990059558460100e+00, -2.1985343611358634e+00,
          2.1670279122123928e+00, -2.1377766815856587e+00,
          2.1420820573862547e+00, -2.0746636788417128e+00,
          -2.2020136828506431e+00, 2.2191185030564151e+00,
          -2.0495826687752077e+00, -2.1758195946070544e+00,
          2.0959716481633519e+00, -2.1982517089051679e+00,
          2.1756820648654625e+00, -2.1892350856432330e+00,
          2.1370074215857078e+00, -2.2203168462406202e+00,
          -2.1634364564768509e+00, 2.1064356638168036e+00,
          -2.1055733856027001e+00, -2.0613604576728224e+00,
          -2.1277863860400701e+00, 2.1564535383109589e+00,
          2.2157233654275474e+00, 1.2018052153695238e+00,
          1.1666617188839259e+00, 1.1677689069555897e+00,
          9.9733723500460236e-01, 1.3243110095631732e+00,
          1.3094898320561312e+00, 1.2250150955096286e+00,
          1.1959870555731633e+00, 1.0420889041367212e+00,
          1.2682521917371443e+00, 1.4361917064224834e+00,
          1.1903241114981586e+00, 1.2550720373368551e+00,
          1.2337639307554820e+00, 1.1286148486514243e+00,
          1.2537385128953746e+00, 1.1040794738605302e+00,
          1.4191045831815039e+00, 1.1310934226673997e+00,
          1.1927806664348837e+00, 1.2445576073204765e+00,
          1.0028883709077760e+00, 1.2002438384772889e+00,
          1.2670836046228704e+00, 1.1505827958729427e+00,
          1.2468346390014804e+00, 1.2702735854866902e+00,
          1.1517612363998242e+00, 1.1537939016193191e+00,
          1.5428482079068406e+00, 1.0104016846783828e+00,
          1.1665571437071725e+00, 1.1005754140505186e+00,
          1.1374428593619070e+00, 1.1461499349930875e+00,
          1.0388537557986346e+00, 1.3302225131758125e+00,
          1.2217681747357212e+00, 1.2199088845028196e+00,
          1.1228720823381875e+00, 1.1747879017212097e+00,
          1.2910328959623987e+00, 1.2512518996970177e+00,
          1.0023222959752540e+00, 1.2233255010722137e+00,
          1.0058132610033330e+00, 1.2959023959638987e+00,
          1.0713571704376685e+00, 1.3400754975972056e+00,
          1.2455309252042150e+00, 1.2104258250812474e+00,
          1.3028542252272248e+00, 1.4386648057559543e+00,
          1.1382604991243119e+00, 1.1350661952348653e+00,
          1.2086610340689681e+00, 1.3529961958007304e+00,
          1.1135952749640683e+00, 1.3162046630151858e+00,
          1.4533164469783930e+00, 1.2466169730349637e+00,
          1.4579719493745962e+00, 1.1373499666741107e+00,
          1.2966767473570484e+00, 1.2541714931597991e+00,
          1.1390400483483285e+00, 1.2939009169583822e+00,
          1.0615535722991190e+00, 1.1864236565653619e+00,
          1.2572922005572114e+00, 1.0820126229783518e+00,
          1.2728772473417909e+00, 1.2016165050043037e+00,
          1.2324537683513157e+00, 1.0102956058584249e+00,
          1.2479037705302636e+00, 1.0147479646367257e+00,
          1.2092398698450157e+00, 1.2180735709086885e+00,
          1.3430202457650178e+00, 1.1770783395374926e+00,
          1.1178840753846806e+00, 1.2590158274893288e+00,
          1.2255716625742017e+00, 1.2519314204595933e+00,
          1.0882423336418021e+00, 1.1511601324397620e+00,
          1.3266031960569313e+00, 1.2042565863089754e+00,
          1.3244624039282302e+00, 1.0102791737603238e+00,
          1.4816400666274681e+00, 1.2907169058304688e+00,
