%YAML:1.0
---
object_0:
   points: !!opencv-matrix
      rows: 3
      cols: 128
      dt: f
      data: [ 0., 0., 0., 0., 1.92000002e-01, 1.92000002e-01,
          1.92000002e-01, 1.92000002e-01, 3.84000003e-01, 3.84000003e-01,
          3.84000003e-01, 3.84000003e-01, 5.75999975e-01, 5.75999975e-01,
          5.75999975e-01, 5.75999975e-01, 4.99200344e-01, 5.00221074e-01,
          5.01241803e-01, 5.02262473e-01, 3.07203054e-01, 3.08223784e-01,
          3.09244484e-01, 3.10265183e-01, 1.15205772e-01, 1.16226487e-01,
          1.17247202e-01, 1.18267909e-01, -7.67914802e-02,
          -7.57707730e-02, -7.47500584e-02, -7.37293512e-02,
          -1.61481887e-01, -1.64145440e-01, -1.66809008e-01,
          -1.69472575e-01, 3.04855499e-02, 2.78219841e-02,
          2.51584183e-02, 2.24948525e-02, 2.22452983e-01, 2.19789416e-01,
          2.17125848e-01, 2.14462280e-01, 4.14420396e-01, 4.11756814e-01,
          4.09093261e-01, 4.06429678e-01, 4.18462873e-01, 4.39847171e-01,
          4.61231470e-01, 4.82615769e-01, 2.27761567e-01, 2.49145865e-01,
          2.70530164e-01, 2.91914433e-01, 3.70602608e-02, 5.84445558e-02,
          7.98288509e-02, 1.01213142e-01, -1.53641015e-01,
          -1.32256731e-01, -1.10872433e-01, -8.94881412e-02,
          -9.12498236e-02, -9.42611098e-02, -9.72723886e-02,
          -1.00283675e-01, 1.00726239e-01, 9.77149531e-02,
          9.47036669e-02, 9.16923881e-02, 2.92702287e-01, 2.89691031e-01,
          2.86679745e-01, 2.83668458e-01, 4.84678328e-01, 4.81667042e-01,
          4.78655756e-01, 4.75644469e-01, 4.99024600e-01, 4.96340513e-01,
          4.93656397e-01, 4.90972310e-01, 3.07057530e-01, 3.04373443e-01,
          3.01689327e-01, 2.99005240e-01, 1.15090474e-01, 1.12406373e-01,
          1.09722279e-01, 1.07038178e-01, -7.68765584e-02,
          -7.95606598e-02, -8.22447538e-02, -8.49288553e-02,
          5.86449564e-01, 5.79395890e-01, 5.72342217e-01, 5.65288544e-01,
          3.94579142e-01, 3.87525499e-01, 3.80471826e-01, 3.73418182e-01,
          2.02708766e-01, 1.95655107e-01, 1.88601449e-01, 1.81547791e-01,
          1.08384024e-02, 3.78474290e-03, -3.26891639e-03,
          -1.03225745e-02, 4.97030944e-01, 5.00371397e-01,
          5.03711820e-01, 5.07052302e-01, 3.05070490e-01, 3.08410943e-01,
          3.11751395e-01, 3.15091848e-01, 1.13110051e-01, 1.16450496e-01,
          1.19790941e-01, 1.23131394e-01, -7.88503736e-02,
          -7.55099282e-02, -7.21694827e-02, -6.88290298e-02, 0.,
          1.92000002e-01, 3.84000003e-01, 5.75999975e-01, 0.,
          1.92000002e-01, 3.84000003e-01, 5.75999975e-01, 0.,
          1.92000002e-01, 3.84000003e-01, 5.75999975e-01, 0.,
          1.92000002e-01, 3.84000003e-01, 5.75999975e-01,
          -6.41237855e-01, -7.76537776e-01, -9.11837637e-01,
          -1.04713750e+00, -6.41948819e-01, -7.77248681e-01,
          -9.12548602e-01, -1.04784846e+00, -6.42659724e-01,
          -7.77959645e-01, -9.13259566e-01, -1.04855943e+00,
          -6.43370688e-01, -7.78670609e-01, -9.13970530e-01,
          -1.04927039e+00, 7.23145127e-01, 5.31733811e-01,
          3.40322554e-01, 1.48911312e-01, 7.20310450e-01, 5.28899193e-01,
          3.37487906e-01, 1.46076664e-01, 7.17475832e-01, 5.26064515e-01,
          3.34653258e-01, 1.43242031e-01, 7.14641154e-01, 5.23229897e-01,
          3.31818640e-01, 1.40407383e-01, -1.12112856e+00,
          -9.31904256e-01, -7.42680073e-01, -5.53455830e-01,
          -1.10074782e+00, -9.11523581e-01, -7.22299337e-01,
          -5.33075154e-01, -1.08036709e+00, -8.91142845e-01,
          -7.01918602e-01, -5.12694418e-01, -1.05998635e+00,
          -8.70762110e-01, -6.81537926e-01, -4.92313713e-01,
          3.38275981e+00, 3.34978223e+00, 3.31680441e+00, 3.28382659e+00,
          3.38259053e+00, 3.34961271e+00, 3.31663513e+00, 3.28365731e+00,
          3.38242126e+00, 3.34944344e+00, 3.31646585e+00, 3.28348804e+00,
          3.38225198e+00, 3.34927416e+00, 3.31629634e+00, 3.28331876e+00,
          2.97968435e+00, 3.02900052e+00, 3.07831669e+00, 3.12763262e+00,
          2.98125005e+00, 3.03056622e+00, 3.07988214e+00, 3.12919831e+00,
          2.98281574e+00, 3.03213167e+00, 3.08144784e+00, 3.13076377e+00,
          2.98438120e+00, 3.03369737e+00, 3.08301330e+00, 3.13232946e+00,
          -3.52121377e+00, -3.48817468e+00, -3.45513558e+00,
          -3.42209625e+00, -3.52244401e+00, -3.48940492e+00,
          -3.45636559e+00, -3.42332649e+00, -3.52367425e+00,
          -3.49063516e+00, -3.45759583e+00, -3.42455673e+00,
          -3.52490449e+00, -3.49186516e+00, -3.45882607e+00,
          -3.42578697e+00, -3.15116119e+00, -3.24826193e+00,
          -3.34536290e+00, -3.44246364e+00, -3.15111923e+00,
          -3.24822021e+00, -3.34532094e+00, -3.44242191e+00,
          -3.15107751e+00, -3.24817848e+00, -3.34527922e+00,
          -3.44238019e+00, -3.15103579e+00, -3.24813652e+00,
          -3.34523749e+00, -3.44233823e+00, 0., 0., 0., 0., 0., 0., 0.,
          0., 0., 0., 0., 0., 0., 0., 0., 0., -2.17928663e-01,
          -3.54152352e-01, -4.90376055e-01, -6.26599729e-01,
          -2.18661144e-01, -3.54884833e-01, -4.91108537e-01,
          -6.27332211e-01, -2.19393641e-01, -3.55617344e-01,
          -4.91841018e-01, -6.28064692e-01, -2.20126122e-01,
          -3.56349826e-01, -4.92573500e-01, -6.28797174e-01,
          -6.72589207e+00, -6.74067831e+00, -6.75546455e+00,
          -6.77025080e+00, -6.72377777e+00, -6.73856401e+00,
          -6.75335026e+00, -6.76813602e+00, -6.72166348e+00,
          -6.73644972e+00, -6.75123549e+00, -6.76602173e+00,
          -6.71954870e+00, -6.73433495e+00, -6.74912119e+00,
          -6.76390743e+00, -6.76494074e+00, -6.78945398e+00,
          -6.81396723e+00, -6.83848047e+00, -6.77397585e+00,
          -6.79848957e+00, -6.82300282e+00, -6.84751606e+00,
          -6.78301144e+00, -6.80752468e+00, -6.83203793e+00,
          -6.85655117e+00, -6.79204655e+00, -6.81656027e+00,
          -6.84107351e+00, -6.86558676e+00, -2.85843539e+00,
          -3.04755807e+00, -3.23668098e+00, -3.42580366e+00,
          -2.86146259e+00, -3.05058527e+00, -3.23970819e+00,
          -3.42883086e+00, -2.86448979e+00, -3.05361247e+00,
          -3.24273515e+00, -3.43185806e+00, -2.86751699e+00,
          -3.05663967e+00, -3.24576235e+00, -3.43488503e+00,
          -4.64269829e+00, -4.45715952e+00, -4.27162027e+00,
          -4.08608150e+00, -4.64589167e+00, -4.46035242e+00,
          -4.27481365e+00, -4.08927441e+00, -4.64908457e+00,
          -4.46354580e+00, -4.27800655e+00, -4.09246778e+00,
          -4.65227795e+00, -4.46673918e+00, -4.28119993e+00,
          -4.09566116e+00, -3.78117275e+00, -3.97017694e+00,
          -4.15918159e+00, -4.34818602e+00, -3.77422714e+00,
          -3.96323156e+00, -4.15223598e+00, -4.34124041e+00,
          -3.76728153e+00, -3.95628595e+00, -4.14529037e+00,
          -4.33429480e+00, -3.76033592e+00, -3.94934034e+00,
          -4.13834476e+00, -4.32734919e+00, -2.70138645e+00,
          -2.86698914e+00, -3.03259206e+00, -3.19819474e+00,
          -2.70528316e+00, -2.87088585e+00, -3.03648853e+00,
          -3.20209122e+00, -2.70917964e+00, -2.87478256e+00,
          -3.04038525e+00, -3.20598793e+00, -2.71307635e+00,
          -2.87867904e+00, -3.04428196e+00, -3.20988464e+00 ]
