%YAML:1.0
---
nb_camera: 4
camera_0:
   camera_matrix: !!opencv-matrix
      rows: 3
      cols: 3
      dt: d
      data: [ 1.6339082072929673e+03, 0., 9.1310480119999954e+02, 0.,
          2.1785786668578644e+03, 6.8890632204160272e+02, 0., 0., 0. ]
   distortion_vector: !!opencv-matrix
      rows: 1
      cols: 5
      dt: d
      data: [ 1.7421438610658031e-03, -2.6025494049991622e-02,
          2.1965860892006223e-04, 3.2635426684845886e-04,
          7.6471048598500097e-02 ]
   disto_type: 0
   camera_group: 0
   img_width: 1824
   img_height: 1376
   camera_pose_matrix: !!opencv-matrix
      rows: 4
      cols: 4
      dt: d
      data: [ 1., 0., 0., 0., 0., 1., 0., 0., 0., 0., 1., 0., 0., 0., 0.,
          1. ]
camera_1:
   camera_matrix: !!opencv-matrix
      rows: 3
      cols: 3
      dt: d
      data: [ 1.6360500205645283e+03, 0., 9.1131046655141677e+02, 0.,
          2.1813615532716017e+03, 6.8761913568085367e+02, 0., 0., 0. ]
   distortion_vector: !!opencv-matrix
      rows: 1
      cols: 5
      dt: d
      data: [ 2.4520084722475134e-04, 1.8297720838022046e-04,
          -4.1359735538198559e-06, -3.7337286794340899e-05,
          -7.1144993780839438e-04 ]
   disto_type: 0
   camera_group: 0
   img_width: 1824
   img_height: 1376
   camera_pose_matrix: !!opencv-matrix
      rows: 4
      cols: 4
      dt: d
      data: [ -9.9999936493509944e-01, -1.0139651041231401e-04,
          -1.1224295726041460e-03, 4.9419792300812754e-04,
          -1.0213940961608423e-04, 9.9999977577455967e-01,
          6.6182956367580434e-04, -1.0094643395278007e-04,
          1.1223622137186363e-03, 6.6194378766495975e-04,
          -9.9999915106638126e-01, -4.9893089262720580e-01, 0., 0., 0.,
          1. ]
camera_2:
   camera_matrix: !!opencv-matrix
      rows: 3
      cols: 3
      dt: d
      data: [ 1.5800998076205144e+03, 0., 9.1119001470241653e+02, 0.,
          2.1068132065258937e+03, 6.8736645126618407e+02, 0., 0., 0. ]
   distortion_vector: !!opencv-matrix
      rows: 1
      cols: 5
      dt: d
      data: [ 1.9880809099123822e-04, -6.6923504232997341e-04,
          -1.9628771089663118e-05, -2.5986140063188036e-05,
          1.1378011552012264e-03 ]
   disto_type: 0
   camera_group: 0
   img_width: 1824
   img_height: 1376
   camera_pose_matrix: !!opencv-matrix
      rows: 4
      cols: 4
      dt: d
      data: [ 1.1644522000858379e-03, 5.8595051132956030e-04,
          -9.9999915035617504e-01, -2.5152872744680183e-01,
          -4.3414983312365046e-05, 9.9999982741794280e-01,
          5.8590035333879798e-04, 5.6923246759093789e-04,
          9.9999932108287604e-01, 4.2732693469616227e-05,
          1.1644774381539527e-03, -2.4897279182399976e-01, 0., 0., 0.,
          1. ]
camera_3:
   camera_matrix: !!opencv-matrix
      rows: 3
      cols: 3
      dt: d
      data: [ 1.5792583548933692e+03, 0., 9.1132269661378086e+02, 0.,
          2.1057097989895442e+03, 6.8691085152680898e+02, 0., 0., 0. ]
   distortion_vector: !!opencv-matrix
      rows: 1
      cols: 5
      dt: d
      data: [ -6.7405826310917201e-05, 8.2937867210627425e-04,
          -7.1879576150610735e-05, -2.2583956049101465e-05,
          -1.7661782287698112e-03 ]
   disto_type: 0
   camera_group: 0
   img_width: 1824
   img_height: 1376
   camera_pose_matrix: !!opencv-matrix
      rows: 4
      cols: 4
      dt: d
      data: [ -1.1761602865009403e-03, -6.5294120804321762e-04,
          9.9999909515697016e-01, 2.5124022820017961e-01,
          -3.0979519328254337e-04, 9.9999973908489515e-01,
          6.5257725935769070e-04, 4.2956135901086012e-04,
          -9.9999926033668562e-01, -3.0902737751019196e-04,
          -1.1763622576707038e-03, -2.5074069349055905e-01, 0., 0., 0.,
          1. ]
