%YAML:1.0
---
object_0:
   poses: !!opencv-matrix
      rows: 6
      cols: 171
      dt: d
      data: [ 3.0214497966290277e+00, -1.8700401331251624e+00,
          2.4324015120788167e+00, 2.5610566113223081e+00,
          2.8030485338565265e+00, -1.7680769883395486e+00,
          -2.4025871018783715e+00, 1.3903138499288845e+00,
          -2.4449605134553218e+00, 2.0721025221586977e+00,
          -2.1840595593421179e+00, -2.5325214078272351e+00,
          -2.7516704139741455e+00, -2.7230325651249556e+00,
          2.5546439913723962e+00, 2.6407242952081851e+00,
          2.5462993717555209e+00, -2.1155496460409924e+00,
          -2.7701334276836018e+00, -2.5939012095226315e+00,
          3.0746453844689401e+00, -2.5983142957109315e+00,
          2.2549684252835931e+00, -1.9684044136766354e+00,
          2.4489437546086887e+00, -2.7002868578964208e+00,
          2.8684426596538306e+00, 1.8033453440386289e+00,
          2.3947830240347221e+00, -1.7679218354983586e+00,
          1.4238384613198496e+00, 2.0225822420032591e+00,
          -2.7116428151804199e+00, 2.5006058242700600e+00,
          -1.4611825551747912e+00, -2.6349144669572082e+00,
          1.9063643508177988e+00, -2.3807497157917505e+00,
          -2.3109154058896335e+00, -2.5904744582157107e+00,
          2.6273495532843851e+00, -1.9257675275094548e+00,
          1.5896112864453182e+00, 2.3535649544555519e+00,
          -2.6842737034791413e+00, -2.3560426579918974e+00,
          -2.0455669776958696e+00, -1.5015042313834115e+00,
          3.0540432915670528e+00, -2.2601221165081742e+00,
          -2.4240644273978273e+00, -1.3421938704928222e+00,
          -2.6920159027169217e+00, 1.8174700374320134e+00,
          2.5961196121824353e+00, 2.2721331699326588e+00,
          2.7118984513071935e+00, 2.6628806412415025e+00,
          1.4706200025735217e+00, -2.0711584702437635e+00,
          -2.0641616027785914e+00, 2.6610963686890723e+00,
          -2.2614533460933819e+00, -1.2736858623256484e+00,
          -2.0670218645833849e+00, -2.2497407940590932e+00,
          -2.4506030891632844e+00, 2.8832260174174400e+00,
          2.8448037888537003e+00, -2.8066835281324742e+00,
          -8.0566679900486673e-02, 2.1519489408491883e+00,
          2.5820828206196085e+00, 2.8242834959960565e+00,
          -2.9430761991866690e+00, -3.0474238895226242e+00,
          2.3457922554133566e+00, 2.1523899623934946e+00,
          2.2572431618725362e+00, 2.0754704943301570e+00,
          2.2289685546616895e+00, 2.4334463176885794e+00,
          3.0377372523474859e+00, -1.9871766245246922e+00,
          -2.9320860333660050e+00, -2.9570041525025315e+00,
          2.7043364413153461e+00, 3.0123923612935730e+00,
          3.0220467489116842e+00, -1.8729670678437389e+00,
          2.4314720406146257e+00, 2.5612154047822493e+00,
          2.8046100269342182e+00, -1.7713707860509917e+00,
          -2.4023509366137219e+00, 1.3893561832493364e+00,
          -2.4457396335408745e+00, 2.0741810465832948e+00,
          -2.1935987504477987e+00, -2.5337647111800923e+00,
          -2.7518316689533537e+00, -2.7231480438245752e+00,
          2.5553534976207382e+00, 2.5469049604847940e+00,
          -2.1159933187786764e+00, -2.7691049460560038e+00,
          -2.5950090932239753e+00, 3.0740758596150712e+00,
          -2.5982214074048096e+00, 2.2542533239354463e+00,
          -1.9700178048045673e+00, 2.4477675007020818e+00,
          -2.6987454446696337e+00, 2.8669827231575611e+00,
          1.8005580914874786e+00, 2.3942317190400937e+00,
          -1.7670614629909269e+00, 1.4235172602280899e+00,
          2.0219845627033464e+00, -2.7147003711935374e+00,
          2.5002008865445728e+00, -1.4626719049148040e+00,
          -2.6434372014996352e+00, 1.9057873127186096e+00,
          -2.5910295537329859e+00, 2.6266935842302543e+00,
          -1.9274920892172813e+00, 2.3592868078205442e+00,
          -2.6845984708402528e+00, -2.3573784847692263e+00,
          -2.0433969700550665e+00, -1.5010280410921548e+00,
          3.0528181923214035e+00, -2.2604463075713772e+00,
          -2.4272259184655618e+00, -1.3394968110138419e+00,
          -2.6944676177215579e+00, 1.8150931880884122e+00,
          2.5917948921678313e+00, 2.2710720250457421e+00,
          2.6642168358808829e+00, 1.4727005406851656e+00,
          -2.0706557332580466e+00, -2.0651306209116003e+00,
          2.6641340797491764e+00, -2.2627433166647761e+00,
          -1.2756386491349108e+00, 2.0715967789122431e+00,
          -2.2497810250704786e+00, -2.4523486527781508e+00,
          2.8824425447387574e+00, 2.8448140838643625e+00,
          -2.8032158112300150e+00, -8.0783209964786606e-02,
          2.3020157431101147e+00, 2.1499999908849547e+00,
          2.5808223853576271e+00, 2.8244046034109687e+00,
          -2.9457748376790556e+00, -3.0474709079709545e+00,
          2.3447802647356824e+00, 2.2579240850732658e+00,
          2.0765942036832374e+00, 2.2292365960628158e+00,
          2.4309924764156143e+00, 3.0377247046625349e+00,
          -1.9898851483666906e+00, -2.9324834729163771e+00,
          -2.9566769486639357e+00, 2.7039694725028816e+00,
          -3.0417586389109861e+00, -1.4623302970446700e-02,
          4.3263295549214054e-01, -1.5484091646580905e-01,
          -4.5302386688252337e-02, -5.9587984103142186e-02,
          5.8654733037516549e-01, -2.4115391830698193e-01,
          -1.0864805107353408e+00, 2.3768526114677541e-01,
          5.5671995257618422e-02, -1.7043966459945492e-01,
          2.1660202340062443e-01, -1.0524998635837793e-01,
          -1.2077828547217524e-01, 1.0680103063137028e-01,
          -1.4471951284963183e-01, 1.0995011769647274e-01,
          -4.5768791902111344e-01, -6.2880482276548424e-02,
          1.8832746850838672e-01, 4.0050049466649950e-03,
          1.8225721005990553e-01, -3.9120380106721325e-01,
          4.4560180453482262e-01, -2.7517530519206007e-01,
          -1.1308615146173633e-01, -5.1773143852276486e-02,
          -6.8650702752033954e-01, 2.0573771043606581e-01,
          4.4159529639419115e-01, 6.6087599018915943e-01,
          -4.8240274607669414e-01, -5.2687707260228853e-02,
          9.2597204279365047e-02, 8.4201259798291428e-01,
          1.5488014050531473e-02, -1.7221265393861968e-01,
          -2.3544680579562588e-01, -1.2036849019558518e-01,
          -1.9146817718607212e-01, -4.0782466987391137e-02,
          6.1518556843019767e-01, 4.3616690514290618e-01,
          1.7891956404698897e-01, -1.1299907125453210e-01,
          2.0126572032347384e-01, -6.5861740184179743e-02,
          -9.3445507558131491e-01, -3.9434695812952053e-03,
          -1.5790340496493677e-01, 2.8817583553852610e-01,
          -1.0718934539176581e+00, -1.2811589473160811e-02,
          -5.9717404302982979e-01, -1.9898650272091808e-02,
          -2.3820714564997916e-01, -1.3477079193722177e-01,
          1.4436496901234971e-01, 1.0134362469922273e+00,
          -5.0376906359942986e-01, -3.7262545909137063e-01,
          -1.2420800601479647e-03, 3.5843269565031322e-01,
          8.2336240816564921e-01, -2.9713448516630359e-01,
          -8.9471915839452104e-02, 2.6674309553365477e-01,
          6.2571092197608050e-02, 2.0098994385146455e-02,
          -9.2540767372600863e-02, 2.0564482356627978e+00,
          -4.3746838025884582e-01, -3.2054733702161595e-02,
          1.5290957896172052e-02, 1.4430907197283242e-02,
          1.2912654354672076e-02, -3.3665770234008835e-01,
          -2.3634589853880500e-01, -3.6566627680037272e-01,
          2.2767801442906521e-02, -2.0401982335240681e-01,
          -2.7365588432343119e-01, -1.3064802479085523e-02,
          5.7164818827766628e-01, 1.7904743276844277e-02,
          -2.1396192145183811e-03, 3.5035324864995290e-02,
          6.3268582466505250e-03, -1.5414778585306767e-02,
          4.3326112658095833e-01, -1.5434354881001860e-01,
          -4.6067921021247224e-02, -5.9040408667311563e-02,
          5.8855251616262161e-01, -2.4094322587768563e-01,
