%YAML:1.0
---
nb_camera: 2
camera_0:
   camera_matrix: !!opencv-matrix
      rows: 3
      cols: 3
      dt: d
      data: [ 4.0733712803214451e+02, 0., 9.0987341854584054e+02, 0.,
          4.0745792616682274e+02, 6.8743387778775445e+02, 0., 0., 0. ]
   distortion_vector: !!opencv-matrix
      rows: 1
      cols: 5
      dt: d
      data: [ -6.4205886879791548e-04, 6.2399837368259635e-05,
          -5.3255382993104473e-05, -6.2551830932778738e-04,
          -5.3134766045691285e-06 ]
   distortion_type: 0
   camera_group: 0
   img_width: 1824
   img_height: 1376
   camera_pose_matrix: !!opencv-matrix
      rows: 4
      cols: 4
      dt: d
      data: [ 1., 0., 0., 0., 0., 1., 0., 0., 0., 0., 1., 0., 0., 0., 0.,
          1. ]
camera_1:
   camera_matrix: !!opencv-matrix
      rows: 3
      cols: 3
      dt: d
      data: [ 4.0731549746495290e+02, 0., 9.1030925908698111e+02, 0.,
          4.0744628148568967e+02, 6.8740217118925830e+02, 0., 0., 0. ]
   distortion_vector: !!opencv-matrix
      rows: 1
      cols: 5
      dt: d
      data: [ -1.9751298639655534e-04, -9.0955438430373955e-05,
          -8.2518409270407046e-05, -5.4300171701003445e-04,
          1.0487972606864270e-05 ]
   distortion_type: 0
   camera_group: 0
   img_width: 1824
   img_height: 1376
   camera_pose_matrix: !!opencv-matrix
      rows: 4
      cols: 4
      dt: d
      data: [ 9.9999987912093358e-01, -6.1590521296236712e-05,
          4.8781628265731272e-04, 5.0141185076169570e-01,
          6.1629401049827356e-05, 9.9999999492589953e-01,
          -7.9687000571136791e-05, 6.1244717302999904e-06,
          -4.8781137221817712e-04, 7.9717054763975265e-05,
          9.9999987784262068e-01, -1.1560221889896955e-03, 0., 0., 0.,
          1. ]
