%YAML:1.0
---
object_0:
   points: !!opencv-matrix
      rows: 3
      cols: 67
      dt: f
      data: [ 0., 1.40000001e-01, 2.80000001e-01, 4.20000017e-01, 0.,
          1.40000001e-01, 2.80000001e-01, 4.20000017e-01, 0.,
          1.40000001e-01, 2.80000001e-01, 4.20000017e-01, 0.,
          1.40000001e-01, 2.80000001e-01, 4.20000017e-01, 0.,
          1.40000001e-01, 2.80000001e-01, 4.20000017e-01, 0.,
          1.40000001e-01, 2.80000001e-01, 4.20000017e-01,
          -1.23361075e+00, -1.10231721e+00, -9.71023738e-01,
          -8.39730263e-01, -7.08436728e-01, -5.77143252e-01,
          -1.23360372e+00, -1.10231018e+00, -9.71016705e-01,
          -8.39723289e-01, -7.08429754e-01, -5.77136278e-01,
          -1.23359668e+00, -1.10230327e+00, -9.71009731e-01,
          -8.39716256e-01, -7.08422780e-01, -5.77129245e-01,
          1.06994116e+00, 1.22493434e+00, 1.37992752e+00, 1.53492069e+00,
          1.68991387e+00, 1.06997120e+00, 1.22496438e+00, 1.37995756e+00,
          1.53495073e+00, 1.68994391e+00, 1.07000113e+00, 1.22499430e+00,
          1.37998748e+00, 1.53498077e+00, 1.68997383e+00, 1.07003117e+00,
          1.22502434e+00, 1.38001752e+00, 1.53501070e+00, 1.69000387e+00,
          1.07006121e+00, 1.22505438e+00, 1.38004756e+00, 1.53504074e+00,
          1.69003391e+00, 0., 0., 0., 0., 1.40000001e-01, 1.40000001e-01,
          1.40000001e-01, 1.40000001e-01, 2.80000001e-01, 2.80000001e-01,
          2.80000001e-01, 2.80000001e-01, 4.20000017e-01, 4.20000017e-01,
          4.20000017e-01, 4.20000017e-01, 5.60000002e-01, 5.60000002e-01,
          5.60000002e-01, 5.60000002e-01, 6.99999988e-01, 6.99999988e-01,
          6.99999988e-01, 6.99999988e-01, 2.74546087e-01, 2.74534225e-01,
          2.74522334e-01, 2.74510473e-01, 2.74498612e-01, 2.74486750e-01,
          4.12546068e-01, 4.12534207e-01, 4.12522346e-01, 4.12510484e-01,
          4.12498593e-01, 4.12486732e-01, 5.50546050e-01, 5.50534189e-01,
          5.50522327e-01, 5.50510466e-01, 5.50498605e-01, 5.50486743e-01,
          6.32149279e-02, 6.32108822e-02, 6.32068366e-02, 6.32027909e-02,
          6.31987453e-02, 2.26214916e-01, 2.26210862e-01, 2.26206824e-01,
          2.26202771e-01, 2.26198733e-01, 3.89214903e-01, 3.89210850e-01,
          3.89206797e-01, 3.89202744e-01, 3.89198720e-01, 5.52214861e-01,
          5.52210867e-01, 5.52206814e-01, 5.52202761e-01, 5.52198708e-01,
          7.15214849e-01, 7.15210795e-01, 7.15206742e-01, 7.15202689e-01,
          7.15198696e-01, 0., 0., 0., 0., 0., 0., 0., 0., 0., 0., 0., 0.,
          0., 0., 0., 0., 0., 0., 0., 0., 0., 0., 0., 0., 2.74116427e-01,
          2.31619135e-01, 1.89121857e-01, 1.46624580e-01, 1.04127288e-01,
          6.16299994e-02, 2.74099499e-01, 2.31602207e-01, 1.89104930e-01,
          1.46607652e-01, 1.04110360e-01, 6.16130717e-02, 2.74082571e-01,
          2.31585279e-01, 1.89088002e-01, 1.46590725e-01, 1.04093432e-01,
          6.15961440e-02, 6.75380081e-02, 1.17997065e-01, 1.68456122e-01,
          2.18915179e-01, 2.69374251e-01, 6.74588382e-02, 1.17917895e-01,
          1.68376952e-01, 2.18836010e-01, 2.69295067e-01, 6.73796609e-02,
          1.17838718e-01, 1.68297783e-01, 2.18756840e-01, 2.69215882e-01,
          6.73004910e-02, 1.17759548e-01, 1.68218598e-01, 2.18677670e-01,
          2.69136727e-01, 6.72213137e-02, 1.17680371e-01, 1.68139428e-01,
          2.18598500e-01, 2.69057542e-01 ]
