%YAML:1.0
---
object_0:
   poses: !!opencv-matrix
      rows: 6
      cols: 356
      dt: d
      data: [ 3.0167921962857496e+00, -3.0460026008107763e+00,
          -3.1138872253503451e+00, -3.0615114062430075e+00,
          -2.9554353994133375e+00, 3.0953938125417668e+00,
          -2.9989934821347584e+00, 3.1201544000775323e+00,
          3.0240528853385995e+00, -3.0865347251176845e+00,
          2.9885066950222465e+00, 3.0410405327114982e+00,
          -3.0980043511183184e+00, 3.0237980482347182e+00,
          -3.1235834051566664e+00, -3.0848141904969881e+00,
          3.0235207113191693e+00, -3.0832258154070966e+00,
          -3.0975589804646426e+00, -2.9604744115343955e+00,
          -3.0091076075888541e+00, -3.0148509063695292e+00,
          3.0358532758336865e+00, 3.0370379710358835e+00,
          -2.9721339512449600e+00, -3.1101841670812873e+00,
          -3.0765926010570985e+00, 3.0112011728419543e+00,
          -3.0871642425860988e+00, -3.0771985998620606e+00,
          3.1217983951208272e+00, -3.0809746783362248e+00,
          -3.0848691577399117e+00, -2.9988959744142032e+00,
          -3.0235596371613309e+00, -3.0086332921294257e+00,
          -3.0100072005997252e+00, 3.0447154320965319e+00,
          2.9999874340923691e+00, -3.1109626187961572e+00,
          -3.0794269929350131e+00, -3.1133247012137946e+00,
          3.0053471648523988e+00, 2.9883010227685713e+00,
          2.9997844023923901e+00, 3.0724109930072281e+00,
          -2.9826936900195107e+00, 3.0450418170880460e+00,
          -3.0163293605553756e+00, -2.9925237979538548e+00,
          2.9607910710506693e+00, -3.0030410859037255e+00,
          3.0770693067272159e+00, 3.1100373427851613e+00,
          -3.0707703679367091e+00, -3.0212005892333722e+00,
          -3.0920212276300134e+00, -2.9998629104532561e+00,
          -3.1014318887688641e+00, -2.9198408993137175e+00,
          -3.0608423052385829e+00, 3.1169826409564769e+00,
          3.0001170242714501e+00, 3.0894860357974299e+00,
          -3.0761813427842992e+00, -2.9911264553197361e+00,
          -2.9712941519763540e+00, 3.1239228553405134e+00,
          2.9854406670577456e+00, 2.9693718344729967e+00,
          3.0245281831238926e+00, 3.0760555562200556e+00,
          3.0031012887898081e+00, -2.9567432647404988e+00,
          3.0535477827934900e+00, -2.9976090651734837e+00,
          -3.0391119795455399e+00, 3.0948928273748915e+00,
          3.1028552996571688e+00, -2.9852332103366535e+00,
          3.0178696713643927e+00, -3.0975005358066579e+00,
          -3.0533849684925158e+00, 3.0537978157159955e+00,
          -3.0539344028626676e+00, -3.0571582922232894e+00,
          3.0566247608169492e+00, -3.0256562344960765e+00,
          -3.1148872288575187e+00, 3.0306850251863264e+00,
          2.9919337122621803e+00, -3.0639070619266651e+00,
          3.1396969489214719e+00, 3.0948844374166833e+00,
          -3.0000632129612215e+00, 3.0795200741426085e+00,
          3.1355346767643693e+00, 3.1091809234952108e+00,
          -3.1302831595965546e+00, -1.5335435345647158e-01,
          1.4974004420903134e-01, 1.6969404462171772e-01,
          -1.7635314018845036e-01, -8.5377762884089617e-02,
          -3.0834458006909406e-02, 2.1320120986590946e-01,
          4.9015486145699838e-02, -2.5153519499219529e-01,
          8.3239915430679042e-03, 3.0522995199627789e-01,
          -2.7051755935220739e-01, 2.4758753008428458e-01,
          4.3035349325712832e-02, 1.1390637309727445e-02,
          -4.0694190537059527e-01, 8.2677696451326915e-02,
          1.1286837740781377e-01, -3.7318302601377230e-02,
          1.4868159527357347e-01, 3.2725343566826709e-01,
          -2.6958142165243176e-01, 9.0797161057343451e-02,
          1.0645684802363935e-01, -1.7584014444488774e-01,
          -4.7079329711703713e-02, 8.4382729953120683e-02,
          3.2461689429352930e-02, 1.8083073199398136e-01,
          -1.0042492948334820e-01, -3.6518512578783779e-01,
          -2.2585260919398864e-01, -1.1157250755703280e-01,
          -1.0422581631542372e-03, -8.1842507665013817e-02,
          1.8548250442181449e-01, 1.0587036474944449e-01,
          4.1749911167819198e-01, 5.6299310493785129e-02,
          -2.0585123168881150e-01, 1.2384279092885078e-01,
          -3.0590713020452376e-01, -9.0783846790850803e-02,
          -7.0192789568733080e-02, -6.5646241749250406e-02,
          -1.7487901639788056e-01, -3.6125869601803195e-03,
          3.1261810021702953e-02, -2.3566056462998519e-01,
          -7.3635705163103984e-02, 2.3287738037131325e-01,
          9.0574829145030362e-03, -1.1274397076740587e-01,
          -3.9574304927504750e-01, -2.3530637728047490e-02,
          -3.2314137533696696e-01, -8.1665787742236456e-02,
          -6.5306638604041622e-02, -2.4247527250953851e-01,
          1.4206941744599910e-01, 3.0165472380803537e+00,
          -3.0463804419167126e+00, -3.1143375603721388e+00,
          -3.0615791472807392e+00, -2.9556065527909849e+00,
          3.0954754417164949e+00, -2.9990451696975651e+00,
          3.1200996322940648e+00, 3.0243867835735387e+00,
          -3.0864914689039411e+00, 2.9880151126653245e+00,
          3.0405042890138136e+00, -3.0980699452049665e+00,
          3.0235005803391086e+00, -3.1236571723008022e+00,
          -3.0848750163227781e+00, 3.0234483081506789e+00,
          -3.0833195259003734e+00, -3.0977253705496830e+00,
          -2.9604713857923257e+00, -3.0090068351049668e+00,
          -3.0151429292723608e+00, 3.0358197781551706e+00,
          3.0369039901483168e+00, -2.9722359339602358e+00,
          -3.1104498926166877e+00, -3.0767749029660605e+00,
          3.0110416645458122e+00, -3.0873494925262897e+00,
          -3.0774556662558061e+00, 3.1217762563827707e+00,
          -3.0803407133237486e+00, -3.0849262193097524e+00,
          -2.9991101884348006e+00, -3.0235321849671961e+00,
          -3.0087639978830771e+00, -3.0104492699555156e+00,
          3.0447055960088791e+00, 2.9998860559314293e+00,
          -3.1105700062038721e+00, -3.0793902572608762e+00,
          -3.1132265633063203e+00, 3.0056266550997330e+00,
          2.9880594659909558e+00, 2.9995522497625688e+00,
          3.0719709525634342e+00, -2.9829122195184556e+00,
          3.0451186274940230e+00, -3.0166847562529568e+00,
          -2.9926528120104088e+00, 2.9608325194382350e+00,
          -3.0031555434218471e+00, 3.0766286649621546e+00,
          3.1100071778615415e+00, -3.0709556189964680e+00,
          -3.0213149674844155e+00, -3.0923773326238786e+00,
          -2.9998915711466116e+00, -3.1015792120166070e+00,
          -2.9200565265506371e+00, -3.0610859990198689e+00,
          3.1167450024358940e+00, 3.0001734584769411e+00,
          3.0894854509724330e+00, -3.0760182963584910e+00,
          -2.9911270280795352e+00, -2.9713770671823445e+00,
          3.1236810806913575e+00, 2.9850253203705508e+00,
          2.9692443439656397e+00, 3.0243846171094351e+00,
          3.0761660390832573e+00, 3.0029595626172467e+00,
          -2.9567083972836401e+00, 3.0535694055411735e+00,
          -2.9978703542653009e+00, 3.0949743536441980e+00,
          3.1026354297725209e+00, -2.9855059489570093e+00,
          3.0176464739589868e+00, -3.0976989044345462e+00,
          -3.0532744066845656e+00, 3.0541788482884837e+00,
          -3.0536547183612228e+00, -3.0572418594432618e+00,
          3.0564651213127454e+00, -3.0257075400750062e+00,
          -3.1152258642191724e+00, 3.0305481628229214e+00,
          2.9919132120466188e+00, -3.0642518065680995e+00,
          3.1395756728865387e+00, 3.0946890815059200e+00,
          -3.0003505924588505e+00, 3.0792076273578806e+00,
          3.1357835747234732e+00, 3.1090614872493387e+00,
          -3.1296175435710674e+00, 3.0165078821007620e+00,
          -3.0460825255363395e+00, -3.1143061363715265e+00,
          -3.0615981430010386e+00, -2.9554575863973636e+00,
          3.0953796370651045e+00, -2.9987279489832104e+00,
          3.1201879159573989e+00, 3.0242819645227725e+00,
