%YAML:1.0
---
nb_camera: 4
camera_0:
   camera_matrix: !!opencv-matrix
      rows: 3
      cols: 3
      dt: d
      data: [ 1.6348943241389845e+03, 0., 9.1152350837737902e+02, 0.,
          2.1798628952343629e+03, 6.8742966874557499e+02, 0., 0., 1. ]
   distortion_vector: !!opencv-matrix
      rows: 1
      cols: 5
      dt: d
      data: [ -7.3694438072097087e-05, 8.2154576806727604e-04,
          -1.5626827590935996e-05, 6.2670168786367070e-06,
          -1.3598448383885656e-03 ]
   distortion_type: 0
   camera_group: 0
   img_width: 1824
   img_height: 1376
   camera_pose_matrix: !!opencv-matrix
      rows: 4
      cols: 4
      dt: d
      data: [ 1., 0., 0., 0., 0., 1., 0., 0., 0., 0., 1., 0., 0., 0., 0.,
          1. ]
camera_1:
   camera_matrix: !!opencv-matrix
      rows: 3
      cols: 3
      dt: d
      data: [ 1.6349102903946273e+03, 0., 9.1139662233075649e+02, 0.,
          2.1798929839786501e+03, 6.8771949545196605e+02, 0., 0., 1. ]
   distortion_vector: !!opencv-matrix
      rows: 1
      cols: 5
      dt: d
      data: [ 1.9418546220855036e-04, -1.3891985019394671e-03,
          1.6054988680144348e-05, -1.6520287977191357e-05,
          2.8654735324509756e-03 ]
   distortion_type: 0
   camera_group: 0
   img_width: 1824
   img_height: 1376
   camera_pose_matrix: !!opencv-matrix
      rows: 4
      cols: 4
      dt: d
      data: [ -9.9999999915591387e-01, -1.2446355331076052e-05,
          3.9156871582301946e-05, 8.9296490987087975e-05,
          -1.2446365176598307e-05, 9.9999999992251276e-01,
          -2.5119424747196434e-07, 2.1705371090157902e-04,
          -3.9156868452814913e-05, -2.5168160798282122e-07,
          -9.9999999923333815e-01, -4.9955811938152017e-01, 0., 0., 0.,
          1. ]
camera_2:
   camera_matrix: !!opencv-matrix
      rows: 3
      cols: 3
      dt: d
      data: [ 1.5796809340584173e+03, 0., 9.1158390370354596e+02, 0.,
          2.1062119278847108e+03, 6.8739748866028538e+02, 0., 0., 1. ]
   distortion_vector: !!opencv-matrix
      rows: 1
      cols: 5
      dt: d
      data: [ 3.7909262779049129e-04, -1.5260568086782438e-03,
          -9.4258223644599480e-06, 5.1115495293864320e-05,
          2.8961020090565795e-03 ]
   distortion_type: 0
   camera_group: 0
   img_width: 1824
   img_height: 1376
   camera_pose_matrix: !!opencv-matrix
      rows: 4
      cols: 4
      dt: d
      data: [ 9.9999999934938433e-01, -5.7141708816496599e-06,
          3.5617126471200091e-05, 7.0000815557953733e-01,
          5.7148025879378282e-06, 9.9999999982638854e-01,
          -1.7735950310103201e-05, 5.1422355440178917e-06,
          -3.5617025118769452e-05, 1.7736153843402970e-05,
          9.9999999920842830e-01, 2.6058946010483298e-05, 0., 0., 0., 1. ]
camera_3:
   camera_matrix: !!opencv-matrix
      rows: 3
      cols: 3
      dt: d
      data: [ 1.5796589224675768e+03, 0., 9.1160086914244323e+02, 0.,
          2.1062250062550843e+03, 6.8738385736074417e+02, 0., 0., 1. ]
   distortion_vector: !!opencv-matrix
      rows: 1
      cols: 5
      dt: d
      data: [ -1.3062930421179337e-05, 1.0162059609610107e-04,
          -1.8875077948243032e-05, 2.1837825346087594e-05,
          -2.4967686202979894e-04 ]
   distortion_type: 0
   camera_group: 0
   img_width: 1824
   img_height: 1376
   camera_pose_matrix: !!opencv-matrix
      rows: 4
      cols: 4
      dt: d
      data: [ 9.9999999899381808e-01, 8.9175725507732527e-06,
          4.3964084774276277e-05, -6.9998458285658138e-01,
          -8.9164864334039605e-06, 9.9999999965508501e-01,
          -2.4704784716792288e-05, 6.0025406599728012e-06,
          -4.3964305065825602e-05, 2.4704392686763744e-05,
          9.9999999872841627e-01, 1.9879353717755610e-05, 0., 0., 0., 1. ]
